4 1708679549 0.000000 1 0.000000 0.000000 0.000000
5 1708679549 0.000000 1 0.000000 0.000000 0.000000
6 1708679549 0.000000 1 0.000000 0.000000 0.000000
7 1708679549 0.000000 1 0.000000 0.000000 0.000000
4 1708679550 0.000000 1 0.000000 0.000000 0.000000
5 1708679550 0.000000 1 0.000000 0.000000 0.000000
6 1708679550 0.000000 1 0.000000 0.000000 0.000000
7 1708679550 0.000000 1 0.000000 0.000000 0.000000
4 1708679551 0.000000 1 0.000000 0.000000 0.000000
5 1708679551 1.000000 1 1.000000 1.000000 1.000000
6 1708679551 0.000000 1 0.000000 0.000000 0.000000
7 1708679551 0.000000 1 0.000000 0.000000 0.000000
4 1708679552 1.000000 1 1.000000 1.000000 1.000000
5 1708679552 0.000000 1 0.000000 0.000000 0.000000
6 1708679552 0.000000 1 0.000000 0.000000 0.000000
7 1708679552 0.000000 1 0.000000 0.000000 0.000000
4 1708679553 1.000000 1 1.000000 1.000000 1.000000
5 1708679553 0.000000 1 0.000000 0.000000 0.000000
6 1708679553 0.000000 1 0.000000 0.000000 0.000000
7 1708679553 0.000000 1 0.000000 0.000000 0.000000
4 1708679554 1.000000 1 1.000000 1.000000 1.000000
5 1708679554 0.000000 1 0.000000 0.000000 0.000000
6 1708679554 0.000000 1 0.000000 0.000000 0.000000
7 1708679554 0.000000 1 0.000000 0.000000 0.000000
4 1708679555 1.000000 1 1.000000 1.000000 1.000000
5 1708679555 0.000000 1 0.000000 0.000000 0.000000
6 1708679555 0.000000 1 0.000000 0.000000 0.000000
7 1708679555 0.000000 1 0.000000 0.000000 0.000000
4 1708679556 1.000000 1 1.000000 1.000000 1.000000
5 1708679556 0.000000 1 0.000000 0.000000 0.000000
6 1708679556 0.000000 1 0.000000 0.000000 0.000000
7 1708679556 0.000000 1 0.000000 0.000000 0.000000
4 1708679557 1.000000 1 1.000000 1.000000 1.000000
5 1708679557 0.000000 1 0.000000 0.000000 0.000000
6 1708679557 0.000000 1 0.000000 0.000000 0.000000
7 1708679557 0.000000 1 0.000000 0.000000 0.000000
4 1708679558 1.000000 1 1.000000 1.000000 1.000000
5 1708679558 0.000000 1 0.000000 0.000000 0.000000
6 1708679558 0.000000 1 0.000000 0.000000 0.000000
7 1708679558 0.000000 1 0.000000 0.000000 0.000000
4 1708679559 1.000000 1 1.000000 1.000000 1.000000
5 1708679559 0.000000 1 0.000000 0.000000 0.000000
6 1708679559 0.000000 1 0.000000 0.000000 0.000000
7 1708679559 0.000000 1 0.000000 0.000000 0.000000
4 1708679560 1.000000 1 1.000000 1.000000 1.000000
5 1708679560 0.000000 1 0.000000 0.000000 0.000000
6 1708679560 0.000000 1 0.000000 0.000000 0.000000
7 1708679560 0.000000 1 0.000000 0.000000 0.000000
4 1708679561 1.000000 1 1.000000 1.000000 1.000000
5 1708679561 0.000000 1 0.000000 0.000000 0.000000
6 1708679561 0.000000 1 0.000000 0.000000 0.000000
7 1708679561 0.000000 1 0.000000 0.000000 0.000000
4 1708679562 1.000000 1 1.000000 1.000000 1.000000
5 1708679562 0.000000 1 0.000000 0.000000 0.000000
6 1708679562 0.000000 1 0.000000 0.000000 0.000000
7 1708679562 0.000000 1 0.000000 0.000000 0.000000
4 1708679563 1.000000 1 1.000000 1.000000 1.000000
5 1708679563 0.000000 1 0.000000 0.000000 0.000000
6 1708679563 0.000000 1 0.000000 0.000000 0.000000
7 1708679563 0.000000 1 0.000000 0.000000 0.000000
4 1708679564 1.000000 1 1.000000 1.000000 1.000000
5 1708679564 0.000000 1 0.000000 0.000000 0.000000
6 1708679564 0.000000 1 0.000000 0.000000 0.000000
7 1708679564 0.000000 1 0.000000 0.000000 0.000000
4 1708679565 2.000000 1 2.000000 2.000000 2.000000
5 1708679565 0.000000 1 0.000000 0.000000 0.000000
6 1708679565 0.000000 1 0.000000 0.000000 0.000000
7 1708679565 0.000000 1 0.000000 0.000000 0.000000
4 1708679566 2.000000 1 2.000000 2.000000 2.000000
5 1708679566 0.000000 1 0.000000 0.000000 0.000000
6 1708679566 0.000000 1 0.000000 0.000000 0.000000
7 1708679566 0.000000 1 0.000000 0.000000 0.000000
4 1708679567 2.000000 1 2.000000 2.000000 2.000000
5 1708679567 0.000000 1 0.000000 0.000000 0.000000
6 1708679567 0.000000 1 0.000000 0.000000 0.000000
7 1708679567 0.000000 1 0.000000 0.000000 0.000000
4 1708679568 2.000000 1 2.000000 2.000000 2.000000
5 1708679568 0.000000 1 0.000000 0.000000 0.000000
6 1708679568 0.000000 1 0.000000 0.000000 0.000000
7 1708679568 0.000000 1 0.000000 0.000000 0.000000
4 1708679569 2.000000 1 2.000000 2.000000 2.000000
5 1708679569 0.000000 1 0.000000 0.000000 0.000000
6 1708679569 0.000000 1 0.000000 0.000000 0.000000
7 1708679569 0.000000 1 0.000000 0.000000 0.000000
4 1708679570 2.000000 1 2.000000 2.000000 2.000000
5 1708679570 0.000000 1 0.000000 0.000000 0.000000
6 1708679570 0.000000 1 0.000000 0.000000 0.000000
7 1708679570 0.000000 1 0.000000 0.000000 0.000000
4 1708679571 2.000000 1 2.000000 2.000000 2.000000
5 1708679571 0.000000 1 0.000000 0.000000 0.000000
6 1708679571 0.000000 1 0.000000 0.000000 0.000000
7 1708679571 0.000000 1 0.000000 0.000000 0.000000
4 1708679572 2.000000 1 2.000000 2.000000 2.000000
5 1708679572 0.000000 1 0.000000 0.000000 0.000000
6 1708679572 0.000000 1 0.000000 0.000000 0.000000
7 1708679572 0.000000 1 0.000000 0.000000 0.000000
4 1708679573 2.000000 1 2.000000 2.000000 2.000000
5 1708679573 0.000000 1 0.000000 0.000000 0.000000
6 1708679573 0.000000 1 0.000000 0.000000 0.000000
7 1708679573 0.000000 1 0.000000 0.000000 0.000000
4 1708679574 2.000000 1 2.000000 2.000000 2.000000
5 1708679574 0.000000 1 0.000000 0.000000 0.000000
6 1708679574 0.000000 1 0.000000 0.000000 0.000000
7 1708679574 0.000000 1 0.000000 0.000000 0.000000
4 1708679575 2.000000 1 2.000000 2.000000 2.000000
5 1708679575 0.000000 1 0.000000 0.000000 0.000000
6 1708679575 0.000000 1 0.000000 0.000000 0.000000
7 1708679575 0.000000 1 0.000000 0.000000 0.000000
4 1708679576 2.000000 1 2.000000 2.000000 2.000000
5 1708679576 0.000000 1 0.000000 0.000000 0.000000
6 1708679576 0.000000 1 0.000000 0.000000 0.000000
7 1708679576 0.000000 1 0.000000 0.000000 0.000000
4 1708679577 2.000000 1 2.000000 2.000000 2.000000
5 1708679577 0.000000 1 0.000000 0.000000 0.000000
6 1708679577 0.000000 1 0.000000 0.000000 0.000000
7 1708679577 0.000000 1 0.000000 0.000000 0.000000
4 1708679578 2.000000 1 2.000000 2.000000 2.000000
5 1708679578 0.000000 1 0.000000 0.000000 0.000000
6 1708679578 0.000000 1 0.000000 0.000000 0.000000
7 1708679578 0.000000 1 0.000000 0.000000 0.000000
4 1708679579 2.000000 1 2.000000 2.000000 2.000000
5 1708679579 0.000000 1 0.000000 0.000000 0.000000
6 1708679579 0.000000 1 0.000000 0.000000 0.000000
7 1708679579 0.000000 1 0.000000 0.000000 0.000000
4 1708679580 3.000000 1 3.000000 3.000000 3.000000
5 1708679580 0.000000 1 0.000000 0.000000 0.000000
6 1708679580 0.000000 1 0.000000 0.000000 0.000000
7 1708679580 0.000000 1 0.000000 0.000000 0.000000
4 1708679581 3.000000 1 3.000000 3.000000 3.000000
5 1708679581 0.000000 1 0.000000 0.000000 0.000000
6 1708679581 0.000000 1 0.000000 0.000000 0.000000
7 1708679581 0.000000 1 0.000000 0.000000 0.000000
4 1708679582 3.000000 1 3.000000 3.000000 3.000000
5 1708679582 0.000000 1 0.000000 0.000000 0.000000
6 1708679582 0.000000 1 0.000000 0.000000 0.000000
7 1708679582 0.000000 1 0.000000 0.000000 0.000000
4 1708679583 3.000000 1 3.000000 3.000000 3.000000
5 1708679583 0.000000 1 0.000000 0.000000 0.000000
6 1708679583 0.000000 1 0.000000 0.000000 0.000000
7 1708679583 0.000000 1 0.000000 0.000000 0.000000
4 1708679584 3.000000 1 3.000000 3.000000 3.000000
5 1708679584 0.000000 1 0.000000 0.000000 0.000000
6 1708679584 0.000000 1 0.000000 0.000000 0.000000
7 1708679584 0.000000 1 0.000000 0.000000 0.000000
4 1708679585 3.000000 1 3.000000 3.000000 3.000000
5 1708679585 0.000000 1 0.000000 0.000000 0.000000
6 1708679585 0.000000 1 0.000000 0.000000 0.000000
7 1708679585 0.000000 1 0.000000 0.000000 0.000000
4 1708679586 3.000000 1 3.000000 3.000000 3.000000
5 1708679586 0.000000 1 0.000000 0.000000 0.000000
6 1708679586 0.000000 1 0.000000 0.000000 0.000000
7 1708679586 0.000000 1 0.000000 0.000000 0.000000
4 1708679587 3.000000 1 3.000000 3.000000 3.000000
5 1708679587 0.000000 1 0.000000 0.000000 0.000000
6 1708679587 0.000000 1 0.000000 0.000000 0.000000
7 1708679587 0.000000 1 0.000000 0.000000 0.000000
4 1708679589 3.000000 1 3.000000 3.000000 3.000000
5 1708679589 0.000000 1 0.000000 0.000000 0.000000
6 1708679589 0.000000 1 0.000000 0.000000 0.000000
7 1708679589 0.000000 1 0.000000 0.000000 0.000000
4 1708679590 3.000000 1 3.000000 3.000000 3.000000
5 1708679590 0.000000 1 0.000000 0.000000 0.000000
6 1708679590 0.000000 1 0.000000 0.000000 0.000000
7 1708679590 0.000000 1 0.000000 0.000000 0.000000
4 1708679591 3.000000 1 3.000000 3.000000 3.000000
5 1708679591 0.000000 1 0.000000 0.000000 0.000000
6 1708679591 0.000000 1 0.000000 0.000000 0.000000
7 1708679591 0.000000 1 0.000000 0.000000 0.000000
4 1708679592 3.000000 1 3.000000 3.000000 3.000000
5 1708679592 0.000000 1 0.000000 0.000000 0.000000
6 1708679592 0.000000 1 0.000000 0.000000 0.000000
7 1708679592 0.000000 1 0.000000 0.000000 0.000000
4 1708679593 3.000000 1 3.000000 3.000000 3.000000
5 1708679593 0.000000 1 0.000000 0.000000 0.000000
6 1708679593 0.000000 1 0.000000 0.000000 0.000000
7 1708679593 0.000000 1 0.000000 0.000000 0.000000
4 1708679594 3.000000 1 3.000000 3.000000 3.000000
5 1708679594 0.000000 1 0.000000 0.000000 0.000000
6 1708679594 0.000000 1 0.000000 0.000000 0.000000
7 1708679594 0.000000 1 0.000000 0.000000 0.000000
4 1708679595 3.000000 1 3.000000 3.000000 3.000000
5 1708679595 0.000000 1 0.000000 0.000000 0.000000
6 1708679595 0.000000 1 0.000000 0.000000 0.000000
7 1708679595 0.000000 1 0.000000 0.000000 0.000000
4 1708679596 3.000000 1 3.000000 3.000000 3.000000
5 1708679596 0.000000 1 0.000000 0.000000 0.000000
6 1708679596 0.000000 1 0.000000 0.000000 0.000000
7 1708679596 0.000000 1 0.000000 0.000000 0.000000
4 1708679597 3.000000 1 3.000000 3.000000 3.000000
5 1708679597 0.000000 1 0.000000 0.000000 0.000000
6 1708679597 0.000000 1 0.000000 0.000000 0.000000
7 1708679597 0.000000 1 0.000000 0.000000 0.000000
4 1708679598 3.000000 1 3.000000 3.000000 3.000000
5 1708679598 0.000000 1 0.000000 0.000000 0.000000
6 1708679598 0.000000 1 0.000000 0.000000 0.000000
7 1708679598 0.000000 1 0.000000 0.000000 0.000000
4 1708679599 3.000000 1 3.000000 3.000000 3.000000
5 1708679599 0.000000 1 0.000000 0.000000 0.000000
6 1708679599 0.000000 1 0.000000 0.000000 0.000000
7 1708679599 0.000000 1 0.000000 0.000000 0.000000
4 1708679600 3.000000 1 3.000000 3.000000 3.000000
5 1708679600 0.000000 1 0.000000 0.000000 0.000000
6 1708679600 0.000000 1 0.000000 0.000000 0.000000
7 1708679600 0.000000 1 0.000000 0.000000 0.000000
4 1708679601 3.000000 1 3.000000 3.000000 3.000000
5 1708679601 0.000000 1 0.000000 0.000000 0.000000
6 1708679601 0.000000 1 0.000000 0.000000 0.000000
7 1708679601 0.000000 1 0.000000 0.000000 0.000000
4 1708679602 3.000000 1 3.000000 3.000000 3.000000
5 1708679602 0.000000 1 0.000000 0.000000 0.000000
6 1708679602 0.000000 1 0.000000 0.000000 0.000000
7 1708679602 0.000000 1 0.000000 0.000000 0.000000
4 1708679603 3.000000 1 3.000000 3.000000 3.000000
5 1708679603 0.000000 1 0.000000 0.000000 0.000000
6 1708679603 0.000000 1 0.000000 0.000000 0.000000
7 1708679603 0.000000 1 0.000000 0.000000 0.000000
4 1708679604 3.000000 1 3.000000 3.000000 3.000000
5 1708679604 0.000000 1 0.000000 0.000000 0.000000
6 1708679604 0.000000 1 0.000000 0.000000 0.000000
7 1708679604 0.000000 1 0.000000 0.000000 0.000000
4 1708679605 3.000000 1 3.000000 3.000000 3.000000
5 1708679605 0.000000 1 0.000000 0.000000 0.000000
6 1708679605 0.000000 1 0.000000 0.000000 0.000000
7 1708679605 0.000000 1 0.000000 0.000000 0.000000
4 1708679606 3.000000 1 3.000000 3.000000 3.000000
5 1708679606 0.000000 1 0.000000 0.000000 0.000000
6 1708679606 0.000000 1 0.000000 0.000000 0.000000
7 1708679606 0.000000 1 0.000000 0.000000 0.000000
4 1708679607 3.000000 1 3.000000 3.000000 3.000000
5 1708679607 0.000000 1 0.000000 0.000000 0.000000
6 1708679607 0.000000 1 0.000000 0.000000 0.000000
7 1708679607 0.000000 1 0.000000 0.000000 0.000000
4 1708679608 3.000000 1 3.000000 3.000000 3.000000
5 1708679608 0.000000 1 0.000000 0.000000 0.000000
6 1708679608 0.000000 1 0.000000 0.000000 0.000000
7 1708679608 0.000000 1 0.000000 0.000000 0.000000
4 1708679609 3.000000 1 3.000000 3.000000 3.000000
5 1708679609 0.000000 1 0.000000 0.000000 0.000000
6 1708679609 0.000000 1 0.000000 0.000000 0.000000
7 1708679609 0.000000 1 0.000000 0.000000 0.000000
4 1708679610 3.000000 1 3.000000 3.000000 3.000000
5 1708679610 0.000000 1 0.000000 0.000000 0.000000
6 1708679610 0.000000 1 0.000000 0.000000 0.000000
7 1708679610 0.000000 1 0.000000 0.000000 0.000000
4 1708679611 3.000000 1 3.000000 3.000000 3.000000
5 1708679611 0.000000 1 0.000000 0.000000 0.000000
6 1708679611 0.000000 1 0.000000 0.000000 0.000000
7 1708679611 0.000000 1 0.000000 0.000000 0.000000
4 1708679612 3.000000 1 3.000000 3.000000 3.000000
5 1708679612 0.000000 1 0.000000 0.000000 0.000000
6 1708679612 0.000000 1 0.000000 0.000000 0.000000
7 1708679612 0.000000 1 0.000000 0.000000 0.000000
4 1708679613 3.000000 1 3.000000 3.000000 3.000000
5 1708679613 0.000000 1 0.000000 0.000000 0.000000
6 1708679613 0.000000 1 0.000000 0.000000 0.000000
7 1708679613 0.000000 1 0.000000 0.000000 0.000000
4 1708679614 3.000000 1 3.000000 3.000000 3.000000
5 1708679614 0.000000 1 0.000000 0.000000 0.000000
6 1708679614 0.000000 1 0.000000 0.000000 0.000000
7 1708679614 0.000000 1 0.000000 0.000000 0.000000
4 1708679615 3.000000 1 3.000000 3.000000 3.000000
5 1708679615 0.000000 1 0.000000 0.000000 0.000000
6 1708679615 0.000000 1 0.000000 0.000000 0.000000
7 1708679615 0.000000 1 0.000000 0.000000 0.000000
4 1708679616 3.000000 1 3.000000 3.000000 3.000000
5 1708679616 0.000000 1 0.000000 0.000000 0.000000
6 1708679616 0.000000 1 0.000000 0.000000 0.000000
7 1708679616 0.000000 1 0.000000 0.000000 0.000000
4 1708679617 3.000000 1 3.000000 3.000000 3.000000
5 1708679617 0.000000 1 0.000000 0.000000 0.000000
6 1708679617 0.000000 1 0.000000 0.000000 0.000000
7 1708679617 0.000000 1 0.000000 0.000000 0.000000
4 1708679618 3.000000 1 3.000000 3.000000 3.000000
5 1708679618 0.000000 1 0.000000 0.000000 0.000000
6 1708679618 0.000000 1 0.000000 0.000000 0.000000
7 1708679618 0.000000 1 0.000000 0.000000 0.000000
4 1708679619 3.000000 1 3.000000 3.000000 3.000000
5 1708679619 0.000000 1 0.000000 0.000000 0.000000
6 1708679619 0.000000 1 0.000000 0.000000 0.000000
7 1708679619 0.000000 1 0.000000 0.000000 0.000000
4 1708679620 3.000000 1 3.000000 3.000000 3.000000
5 1708679620 0.000000 1 0.000000 0.000000 0.000000
6 1708679620 0.000000 1 0.000000 0.000000 0.000000
7 1708679620 0.000000 1 0.000000 0.000000 0.000000
4 1708679621 3.000000 1 3.000000 3.000000 3.000000
5 1708679621 0.000000 1 0.000000 0.000000 0.000000
6 1708679621 0.000000 1 0.000000 0.000000 0.000000
7 1708679621 0.000000 1 0.000000 0.000000 0.000000
4 1708679622 3.000000 1 3.000000 3.000000 3.000000
5 1708679622 0.000000 1 0.000000 0.000000 0.000000
6 1708679622 0.000000 1 0.000000 0.000000 0.000000
7 1708679622 0.000000 1 0.000000 0.000000 0.000000
4 1708679623 3.000000 1 3.000000 3.000000 3.000000
5 1708679623 0.000000 1 0.000000 0.000000 0.000000
6 1708679623 0.000000 1 0.000000 0.000000 0.000000
7 1708679623 0.000000 1 0.000000 0.000000 0.000000
4 1708679624 3.000000 1 3.000000 3.000000 3.000000
5 1708679624 0.000000 1 0.000000 0.000000 0.000000
6 1708679624 0.000000 1 0.000000 0.000000 0.000000
7 1708679624 0.000000 1 0.000000 0.000000 0.000000
4 1708679625 3.000000 1 3.000000 3.000000 3.000000
5 1708679625 0.000000 1 0.000000 0.000000 0.000000
6 1708679625 0.000000 1 0.000000 0.000000 0.000000
7 1708679625 0.000000 1 0.000000 0.000000 0.000000
4 1708679626 3.000000 1 3.000000 3.000000 3.000000
5 1708679626 0.000000 1 0.000000 0.000000 0.000000
6 1708679626 0.000000 1 0.000000 0.000000 0.000000
7 1708679626 0.000000 1 0.000000 0.000000 0.000000
4 1708679627 3.000000 1 3.000000 3.000000 3.000000
5 1708679627 0.000000 1 0.000000 0.000000 0.000000
6 1708679627 0.000000 1 0.000000 0.000000 0.000000
7 1708679627 0.000000 1 0.000000 0.000000 0.000000
4 1708679628 3.000000 1 3.000000 3.000000 3.000000
5 1708679628 0.000000 1 0.000000 0.000000 0.000000
6 1708679628 0.000000 1 0.000000 0.000000 0.000000
7 1708679628 0.000000 1 0.000000 0.000000 0.000000
4 1708679629 3.000000 1 3.000000 3.000000 3.000000
5 1708679629 0.000000 1 0.000000 0.000000 0.000000
6 1708679629 0.000000 1 0.000000 0.000000 0.000000
7 1708679629 0.000000 1 0.000000 0.000000 0.000000
4 1708679630 3.000000 1 3.000000 3.000000 3.000000
5 1708679630 0.000000 1 0.000000 0.000000 0.000000
6 1708679630 0.000000 1 0.000000 0.000000 0.000000
7 1708679630 0.000000 1 0.000000 0.000000 0.000000
4 1708679631 3.000000 1 3.000000 3.000000 3.000000
5 1708679631 0.000000 1 0.000000 0.000000 0.000000
6 1708679631 0.000000 1 0.000000 0.000000 0.000000
7 1708679631 0.000000 1 0.000000 0.000000 0.000000
4 1708679632 3.000000 1 3.000000 3.000000 3.000000
5 1708679632 0.000000 1 0.000000 0.000000 0.000000
6 1708679632 0.000000 1 0.000000 0.000000 0.000000
7 1708679632 0.000000 1 0.000000 0.000000 0.000000
4 1708679633 3.000000 1 3.000000 3.000000 3.000000
5 1708679633 0.000000 1 0.000000 0.000000 0.000000
6 1708679633 0.000000 1 0.000000 0.000000 0.000000
7 1708679633 0.000000 1 0.000000 0.000000 0.000000
4 1708679634 3.000000 1 3.000000 3.000000 3.000000
5 1708679634 0.000000 1 0.000000 0.000000 0.000000
6 1708679634 0.000000 1 0.000000 0.000000 0.000000
7 1708679634 0.000000 1 0.000000 0.000000 0.000000
4 1708679635 3.000000 1 3.000000 3.000000 3.000000
5 1708679635 0.000000 1 0.000000 0.000000 0.000000
6 1708679635 0.000000 1 0.000000 0.000000 0.000000
7 1708679635 0.000000 1 0.000000 0.000000 0.000000
4 1708679636 3.000000 1 3.000000 3.000000 3.000000
5 1708679636 0.000000 1 0.000000 0.000000 0.000000
6 1708679636 0.000000 1 0.000000 0.000000 0.000000
7 1708679636 0.000000 1 0.000000 0.000000 0.000000
4 1708679637 3.000000 1 3.000000 3.000000 3.000000
5 1708679637 0.000000 1 0.000000 0.000000 0.000000
6 1708679637 0.000000 1 0.000000 0.000000 0.000000
7 1708679637 0.000000 1 0.000000 0.000000 0.000000
4 1708679638 3.000000 1 3.000000 3.000000 3.000000
5 1708679638 0.000000 1 0.000000 0.000000 0.000000
6 1708679638 0.000000 1 0.000000 0.000000 0.000000
7 1708679638 0.000000 1 0.000000 0.000000 0.000000
4 1708679639 3.000000 1 3.000000 3.000000 3.000000
5 1708679639 0.000000 1 0.000000 0.000000 0.000000
6 1708679639 0.000000 1 0.000000 0.000000 0.000000
7 1708679639 0.000000 1 0.000000 0.000000 0.000000
4 1708679640 3.000000 1 3.000000 3.000000 3.000000
5 1708679640 0.000000 1 0.000000 0.000000 0.000000
6 1708679640 0.000000 1 0.000000 0.000000 0.000000
7 1708679640 0.000000 1 0.000000 0.000000 0.000000
4 1708679641 3.000000 1 3.000000 3.000000 3.000000
5 1708679641 0.000000 1 0.000000 0.000000 0.000000
6 1708679641 0.000000 1 0.000000 0.000000 0.000000
7 1708679641 0.000000 1 0.000000 0.000000 0.000000
4 1708679642 3.000000 1 3.000000 3.000000 3.000000
5 1708679642 0.000000 1 0.000000 0.000000 0.000000
6 1708679642 0.000000 1 0.000000 0.000000 0.000000
7 1708679642 0.000000 1 0.000000 0.000000 0.000000
4 1708679643 3.000000 1 3.000000 3.000000 3.000000
5 1708679643 0.000000 1 0.000000 0.000000 0.000000
6 1708679643 0.000000 1 0.000000 0.000000 0.000000
7 1708679643 0.000000 1 0.000000 0.000000 0.000000
4 1708679644 3.000000 1 3.000000 3.000000 3.000000
5 1708679644 0.000000 1 0.000000 0.000000 0.000000
6 1708679644 0.000000 1 0.000000 0.000000 0.000000
7 1708679644 0.000000 1 0.000000 0.000000 0.000000
4 1708679645 3.000000 1 3.000000 3.000000 3.000000
5 1708679645 0.000000 1 0.000000 0.000000 0.000000
6 1708679645 0.000000 1 0.000000 0.000000 0.000000
7 1708679645 0.000000 1 0.000000 0.000000 0.000000
4 1708679646 3.000000 1 3.000000 3.000000 3.000000
5 1708679646 0.000000 1 0.000000 0.000000 0.000000
6 1708679646 0.000000 1 0.000000 0.000000 0.000000
7 1708679646 0.000000 1 0.000000 0.000000 0.000000
4 1708679647 3.000000 1 3.000000 3.000000 3.000000
5 1708679647 0.000000 1 0.000000 0.000000 0.000000
6 1708679647 0.000000 1 0.000000 0.000000 0.000000
7 1708679647 0.000000 1 0.000000 0.000000 0.000000
4 1708679648 3.000000 1 3.000000 3.000000 3.000000
5 1708679648 0.000000 1 0.000000 0.000000 0.000000
6 1708679648 0.000000 1 0.000000 0.000000 0.000000
7 1708679648 0.000000 1 0.000000 0.000000 0.000000
4 1708679649 3.000000 1 3.000000 3.000000 3.000000
5 1708679649 0.000000 1 0.000000 0.000000 0.000000
6 1708679649 0.000000 1 0.000000 0.000000 0.000000
7 1708679649 0.000000 1 0.000000 0.000000 0.000000
4 1708679650 3.000000 1 3.000000 3.000000 3.000000
5 1708679650 0.000000 1 0.000000 0.000000 0.000000
6 1708679650 0.000000 1 0.000000 0.000000 0.000000
7 1708679650 0.000000 1 0.000000 0.000000 0.000000
4 1708679651 3.000000 1 3.000000 3.000000 3.000000
5 1708679651 0.000000 1 0.000000 0.000000 0.000000
6 1708679651 0.000000 1 0.000000 0.000000 0.000000
7 1708679651 0.000000 1 0.000000 0.000000 0.000000
4 1708679652 3.000000 1 3.000000 3.000000 3.000000
5 1708679652 0.000000 1 0.000000 0.000000 0.000000
6 1708679652 0.000000 1 0.000000 0.000000 0.000000
7 1708679652 0.000000 1 0.000000 0.000000 0.000000
4 1708679653 3.000000 1 3.000000 3.000000 3.000000
5 1708679653 0.000000 1 0.000000 0.000000 0.000000
6 1708679653 0.000000 1 0.000000 0.000000 0.000000
7 1708679653 0.000000 1 0.000000 0.000000 0.000000
4 1708679655 3.000000 1 3.000000 3.000000 3.000000
5 1708679655 0.000000 1 0.000000 0.000000 0.000000
6 1708679655 0.000000 1 0.000000 0.000000 0.000000
7 1708679655 0.000000 1 0.000000 0.000000 0.000000
4 1708679656 3.000000 1 3.000000 3.000000 3.000000
5 1708679656 0.000000 1 0.000000 0.000000 0.000000
6 1708679656 0.000000 1 0.000000 0.000000 0.000000
7 1708679656 0.000000 1 0.000000 0.000000 0.000000
4 1708679657 3.000000 1 3.000000 3.000000 3.000000
5 1708679657 0.000000 1 0.000000 0.000000 0.000000
6 1708679657 0.000000 1 0.000000 0.000000 0.000000
7 1708679657 0.000000 1 0.000000 0.000000 0.000000
4 1708679658 3.000000 1 3.000000 3.000000 3.000000
5 1708679658 0.000000 1 0.000000 0.000000 0.000000
6 1708679658 0.000000 1 0.000000 0.000000 0.000000
7 1708679658 0.000000 1 0.000000 0.000000 0.000000
4 1708679659 3.000000 1 3.000000 3.000000 3.000000
5 1708679659 0.000000 1 0.000000 0.000000 0.000000
6 1708679659 0.000000 1 0.000000 0.000000 0.000000
7 1708679659 0.000000 1 0.000000 0.000000 0.000000
4 1708679660 3.000000 1 3.000000 3.000000 3.000000
5 1708679660 0.000000 1 0.000000 0.000000 0.000000
6 1708679660 0.000000 1 0.000000 0.000000 0.000000
7 1708679660 0.000000 1 0.000000 0.000000 0.000000
4 1708679661 3.000000 1 3.000000 3.000000 3.000000
5 1708679661 0.000000 1 0.000000 0.000000 0.000000
6 1708679661 0.000000 1 0.000000 0.000000 0.000000
7 1708679661 0.000000 1 0.000000 0.000000 0.000000
4 1708679662 3.000000 1 3.000000 3.000000 3.000000
5 1708679662 0.000000 1 0.000000 0.000000 0.000000
6 1708679662 0.000000 1 0.000000 0.000000 0.000000
7 1708679662 0.000000 1 0.000000 0.000000 0.000000
4 1708679663 3.000000 1 3.000000 3.000000 3.000000
5 1708679663 0.000000 1 0.000000 0.000000 0.000000
6 1708679663 0.000000 1 0.000000 0.000000 0.000000
7 1708679663 0.000000 1 0.000000 0.000000 0.000000
4 1708679664 3.000000 1 3.000000 3.000000 3.000000
5 1708679664 0.000000 1 0.000000 0.000000 0.000000
6 1708679664 0.000000 1 0.000000 0.000000 0.000000
7 1708679664 0.000000 1 0.000000 0.000000 0.000000
4 1708679665 3.000000 1 3.000000 3.000000 3.000000
5 1708679665 0.000000 1 0.000000 0.000000 0.000000
6 1708679665 0.000000 1 0.000000 0.000000 0.000000
7 1708679665 0.000000 1 0.000000 0.000000 0.000000
4 1708679666 3.000000 1 3.000000 3.000000 3.000000
5 1708679666 0.000000 1 0.000000 0.000000 0.000000
6 1708679666 0.000000 1 0.000000 0.000000 0.000000
7 1708679666 0.000000 1 0.000000 0.000000 0.000000
4 1708679667 3.000000 1 3.000000 3.000000 3.000000
5 1708679667 0.000000 1 0.000000 0.000000 0.000000
6 1708679667 0.000000 1 0.000000 0.000000 0.000000
7 1708679667 0.000000 1 0.000000 0.000000 0.000000
4 1708679668 3.000000 1 3.000000 3.000000 3.000000
5 1708679668 0.000000 1 0.000000 0.000000 0.000000
6 1708679668 0.000000 1 0.000000 0.000000 0.000000
7 1708679668 0.000000 1 0.000000 0.000000 0.000000
4 1708679669 3.000000 1 3.000000 3.000000 3.000000
5 1708679669 0.000000 1 0.000000 0.000000 0.000000
6 1708679669 0.000000 1 0.000000 0.000000 0.000000
7 1708679669 0.000000 1 0.000000 0.000000 0.000000
4 1708679670 3.000000 1 3.000000 3.000000 3.000000
5 1708679670 0.000000 1 0.000000 0.000000 0.000000
6 1708679670 0.000000 1 0.000000 0.000000 0.000000
7 1708679670 0.000000 1 0.000000 0.000000 0.000000
4 1708679671 3.000000 1 3.000000 3.000000 3.000000
5 1708679671 0.000000 1 0.000000 0.000000 0.000000
6 1708679671 0.000000 1 0.000000 0.000000 0.000000
7 1708679671 0.000000 1 0.000000 0.000000 0.000000
4 1708679672 3.000000 1 3.000000 3.000000 3.000000
5 1708679672 0.000000 1 0.000000 0.000000 0.000000
6 1708679672 0.000000 1 0.000000 0.000000 0.000000
7 1708679672 0.000000 1 0.000000 0.000000 0.000000
4 1708679673 3.000000 1 3.000000 3.000000 3.000000
5 1708679673 0.000000 1 0.000000 0.000000 0.000000
6 1708679673 0.000000 1 0.000000 0.000000 0.000000
7 1708679673 0.000000 1 0.000000 0.000000 0.000000
4 1708679674 3.000000 1 3.000000 3.000000 3.000000
5 1708679674 0.000000 1 0.000000 0.000000 0.000000
6 1708679674 0.000000 1 0.000000 0.000000 0.000000
7 1708679674 0.000000 1 0.000000 0.000000 0.000000
4 1708679675 3.000000 1 3.000000 3.000000 3.000000
5 1708679675 0.000000 1 0.000000 0.000000 0.000000
6 1708679675 0.000000 1 0.000000 0.000000 0.000000
7 1708679675 0.000000 1 0.000000 0.000000 0.000000
4 1708679676 3.000000 1 3.000000 3.000000 3.000000
5 1708679676 0.000000 1 0.000000 0.000000 0.000000
6 1708679676 0.000000 1 0.000000 0.000000 0.000000
7 1708679676 0.000000 1 0.000000 0.000000 0.000000
4 1708679677 3.000000 1 3.000000 3.000000 3.000000
5 1708679677 0.000000 1 0.000000 0.000000 0.000000
6 1708679677 0.000000 1 0.000000 0.000000 0.000000
7 1708679677 0.000000 1 0.000000 0.000000 0.000000
4 1708679678 3.000000 1 3.000000 3.000000 3.000000
5 1708679678 0.000000 1 0.000000 0.000000 0.000000
6 1708679678 0.000000 1 0.000000 0.000000 0.000000
7 1708679678 0.000000 1 0.000000 0.000000 0.000000
4 1708679679 3.000000 1 3.000000 3.000000 3.000000
5 1708679679 0.000000 1 0.000000 0.000000 0.000000
6 1708679679 0.000000 1 0.000000 0.000000 0.000000
7 1708679679 0.000000 1 0.000000 0.000000 0.000000
4 1708679680 3.000000 1 3.000000 3.000000 3.000000
5 1708679680 0.000000 1 0.000000 0.000000 0.000000
6 1708679680 0.000000 1 0.000000 0.000000 0.000000
7 1708679680 0.000000 1 0.000000 0.000000 0.000000
4 1708679681 3.000000 1 3.000000 3.000000 3.000000
5 1708679681 0.000000 1 0.000000 0.000000 0.000000
6 1708679681 0.000000 1 0.000000 0.000000 0.000000
7 1708679681 0.000000 1 0.000000 0.000000 0.000000
4 1708679682 3.000000 1 3.000000 3.000000 3.000000
5 1708679682 0.000000 1 0.000000 0.000000 0.000000
6 1708679682 0.000000 1 0.000000 0.000000 0.000000
7 1708679682 0.000000 1 0.000000 0.000000 0.000000
4 1708679683 3.000000 1 3.000000 3.000000 3.000000
5 1708679683 0.000000 1 0.000000 0.000000 0.000000
6 1708679683 0.000000 1 0.000000 0.000000 0.000000
7 1708679683 0.000000 1 0.000000 0.000000 0.000000
4 1708679684 3.000000 1 3.000000 3.000000 3.000000
5 1708679684 0.000000 1 0.000000 0.000000 0.000000
6 1708679684 0.000000 1 0.000000 0.000000 0.000000
7 1708679684 0.000000 1 0.000000 0.000000 0.000000
4 1708679685 3.000000 1 3.000000 3.000000 3.000000
5 1708679685 0.000000 1 0.000000 0.000000 0.000000
6 1708679685 0.000000 1 0.000000 0.000000 0.000000
7 1708679685 0.000000 1 0.000000 0.000000 0.000000
4 1708679686 3.000000 1 3.000000 3.000000 3.000000
5 1708679686 0.000000 1 0.000000 0.000000 0.000000
6 1708679686 0.000000 1 0.000000 0.000000 0.000000
7 1708679686 0.000000 1 0.000000 0.000000 0.000000
4 1708679687 3.000000 1 3.000000 3.000000 3.000000
5 1708679687 0.000000 1 0.000000 0.000000 0.000000
6 1708679687 0.000000 1 0.000000 0.000000 0.000000
7 1708679687 0.000000 1 0.000000 0.000000 0.000000
4 1708679688 3.000000 1 3.000000 3.000000 3.000000
5 1708679688 0.000000 1 0.000000 0.000000 0.000000
6 1708679688 0.000000 1 0.000000 0.000000 0.000000
7 1708679688 0.000000 1 0.000000 0.000000 0.000000
4 1708679689 3.000000 1 3.000000 3.000000 3.000000
5 1708679689 0.000000 1 0.000000 0.000000 0.000000
6 1708679689 0.000000 1 0.000000 0.000000 0.000000
7 1708679689 0.000000 1 0.000000 0.000000 0.000000
4 1708679690 3.000000 1 3.000000 3.000000 3.000000
5 1708679690 0.000000 1 0.000000 0.000000 0.000000
6 1708679690 0.000000 1 0.000000 0.000000 0.000000
7 1708679690 0.000000 1 0.000000 0.000000 0.000000
4 1708679691 3.000000 1 3.000000 3.000000 3.000000
5 1708679691 0.000000 1 0.000000 0.000000 0.000000
6 1708679691 0.000000 1 0.000000 0.000000 0.000000
7 1708679691 0.000000 1 0.000000 0.000000 0.000000
4 1708679692 3.000000 1 3.000000 3.000000 3.000000
5 1708679692 0.000000 1 0.000000 0.000000 0.000000
6 1708679692 0.000000 1 0.000000 0.000000 0.000000
7 1708679692 0.000000 1 0.000000 0.000000 0.000000
4 1708679693 3.000000 1 3.000000 3.000000 3.000000
5 1708679693 0.000000 1 0.000000 0.000000 0.000000
6 1708679693 0.000000 1 0.000000 0.000000 0.000000
7 1708679693 0.000000 1 0.000000 0.000000 0.000000
4 1708679694 3.000000 1 3.000000 3.000000 3.000000
5 1708679694 0.000000 1 0.000000 0.000000 0.000000
6 1708679694 0.000000 1 0.000000 0.000000 0.000000
7 1708679694 0.000000 1 0.000000 0.000000 0.000000
4 1708679695 3.000000 1 3.000000 3.000000 3.000000
5 1708679695 0.000000 1 0.000000 0.000000 0.000000
6 1708679695 0.000000 1 0.000000 0.000000 0.000000
7 1708679695 0.000000 1 0.000000 0.000000 0.000000
4 1708679696 3.000000 1 3.000000 3.000000 3.000000
5 1708679696 0.000000 1 0.000000 0.000000 0.000000
6 1708679696 0.000000 1 0.000000 0.000000 0.000000
7 1708679696 0.000000 1 0.000000 0.000000 0.000000
4 1708679697 3.000000 1 3.000000 3.000000 3.000000
5 1708679697 0.000000 1 0.000000 0.000000 0.000000
6 1708679697 0.000000 1 0.000000 0.000000 0.000000
7 1708679697 0.000000 1 0.000000 0.000000 0.000000
4 1708679698 3.000000 1 3.000000 3.000000 3.000000
5 1708679698 0.000000 1 0.000000 0.000000 0.000000
6 1708679698 0.000000 1 0.000000 0.000000 0.000000
7 1708679698 0.000000 1 0.000000 0.000000 0.000000
4 1708679699 3.000000 1 3.000000 3.000000 3.000000
5 1708679699 0.000000 1 0.000000 0.000000 0.000000
6 1708679699 0.000000 1 0.000000 0.000000 0.000000
7 1708679699 0.000000 1 0.000000 0.000000 0.000000
4 1708679700 3.000000 1 3.000000 3.000000 3.000000
5 1708679700 0.000000 1 0.000000 0.000000 0.000000
6 1708679700 0.000000 1 0.000000 0.000000 0.000000
7 1708679700 0.000000 1 0.000000 0.000000 0.000000
4 1708679701 3.000000 1 3.000000 3.000000 3.000000
5 1708679701 0.000000 1 0.000000 0.000000 0.000000
6 1708679701 0.000000 1 0.000000 0.000000 0.000000
7 1708679701 0.000000 1 0.000000 0.000000 0.000000
4 1708679702 3.000000 1 3.000000 3.000000 3.000000
5 1708679702 0.000000 1 0.000000 0.000000 0.000000
6 1708679702 0.000000 1 0.000000 0.000000 0.000000
7 1708679702 0.000000 1 0.000000 0.000000 0.000000
4 1708679703 3.000000 1 3.000000 3.000000 3.000000
5 1708679703 0.000000 1 0.000000 0.000000 0.000000
6 1708679703 0.000000 1 0.000000 0.000000 0.000000
7 1708679703 0.000000 1 0.000000 0.000000 0.000000
4 1708679704 3.000000 1 3.000000 3.000000 3.000000
5 1708679704 0.000000 1 0.000000 0.000000 0.000000
6 1708679704 0.000000 1 0.000000 0.000000 0.000000
7 1708679704 0.000000 1 0.000000 0.000000 0.000000
4 1708679705 3.000000 1 3.000000 3.000000 3.000000
5 1708679705 0.000000 1 0.000000 0.000000 0.000000
6 1708679705 0.000000 1 0.000000 0.000000 0.000000
7 1708679705 0.000000 1 0.000000 0.000000 0.000000
4 1708679706 3.000000 1 3.000000 3.000000 3.000000
5 1708679706 0.000000 1 0.000000 0.000000 0.000000
6 1708679706 0.000000 1 0.000000 0.000000 0.000000
7 1708679706 0.000000 1 0.000000 0.000000 0.000000
4 1708679707 3.000000 1 3.000000 3.000000 3.000000
5 1708679707 0.000000 1 0.000000 0.000000 0.000000
6 1708679707 0.000000 1 0.000000 0.000000 0.000000
7 1708679707 0.000000 1 0.000000 0.000000 0.000000
4 1708679708 3.000000 1 3.000000 3.000000 3.000000
5 1708679708 0.000000 1 0.000000 0.000000 0.000000
6 1708679708 0.000000 1 0.000000 0.000000 0.000000
7 1708679708 0.000000 1 0.000000 0.000000 0.000000
4 1708679709 3.000000 1 3.000000 3.000000 3.000000
5 1708679709 0.000000 1 0.000000 0.000000 0.000000
6 1708679709 0.000000 1 0.000000 0.000000 0.000000
7 1708679709 0.000000 1 0.000000 0.000000 0.000000
4 1708679710 3.000000 1 3.000000 3.000000 3.000000
5 1708679710 0.000000 1 0.000000 0.000000 0.000000
6 1708679710 0.000000 1 0.000000 0.000000 0.000000
7 1708679710 0.000000 1 0.000000 0.000000 0.000000
4 1708679711 3.000000 1 3.000000 3.000000 3.000000
5 1708679711 0.000000 1 0.000000 0.000000 0.000000
6 1708679711 0.000000 1 0.000000 0.000000 0.000000
7 1708679711 0.000000 1 0.000000 0.000000 0.000000
4 1708679712 3.000000 1 3.000000 3.000000 3.000000
5 1708679712 0.000000 1 0.000000 0.000000 0.000000
6 1708679712 0.000000 1 0.000000 0.000000 0.000000
7 1708679712 0.000000 1 0.000000 0.000000 0.000000
4 1708679713 3.000000 1 3.000000 3.000000 3.000000
5 1708679713 0.000000 1 0.000000 0.000000 0.000000
6 1708679713 0.000000 1 0.000000 0.000000 0.000000
7 1708679713 0.000000 1 0.000000 0.000000 0.000000
4 1708679714 3.000000 1 3.000000 3.000000 3.000000
5 1708679714 0.000000 1 0.000000 0.000000 0.000000
6 1708679714 0.000000 1 0.000000 0.000000 0.000000
7 1708679714 0.000000 1 0.000000 0.000000 0.000000
4 1708679715 3.000000 1 3.000000 3.000000 3.000000
5 1708679715 0.000000 1 0.000000 0.000000 0.000000
6 1708679715 0.000000 1 0.000000 0.000000 0.000000
7 1708679715 0.000000 1 0.000000 0.000000 0.000000
4 1708679716 3.000000 1 3.000000 3.000000 3.000000
5 1708679716 0.000000 1 0.000000 0.000000 0.000000
6 1708679716 0.000000 1 0.000000 0.000000 0.000000
7 1708679716 0.000000 1 0.000000 0.000000 0.000000
4 1708679717 3.000000 1 3.000000 3.000000 3.000000
5 1708679717 0.000000 1 0.000000 0.000000 0.000000
6 1708679717 0.000000 1 0.000000 0.000000 0.000000
7 1708679717 0.000000 1 0.000000 0.000000 0.000000
4 1708679719 3.000000 1 3.000000 3.000000 3.000000
5 1708679719 0.000000 1 0.000000 0.000000 0.000000
6 1708679719 0.000000 1 0.000000 0.000000 0.000000
7 1708679719 0.000000 1 0.000000 0.000000 0.000000
4 1708679720 3.000000 1 3.000000 3.000000 3.000000
5 1708679720 0.000000 1 0.000000 0.000000 0.000000
6 1708679720 0.000000 1 0.000000 0.000000 0.000000
7 1708679720 0.000000 1 0.000000 0.000000 0.000000
4 1708679721 3.000000 1 3.000000 3.000000 3.000000
5 1708679721 0.000000 1 0.000000 0.000000 0.000000
6 1708679721 0.000000 1 0.000000 0.000000 0.000000
7 1708679721 0.000000 1 0.000000 0.000000 0.000000
4 1708679722 3.000000 1 3.000000 3.000000 3.000000
5 1708679722 0.000000 1 0.000000 0.000000 0.000000
6 1708679722 0.000000 1 0.000000 0.000000 0.000000
7 1708679722 0.000000 1 0.000000 0.000000 0.000000
4 1708679723 3.000000 1 3.000000 3.000000 3.000000
5 1708679723 0.000000 1 0.000000 0.000000 0.000000
6 1708679723 0.000000 1 0.000000 0.000000 0.000000
7 1708679723 0.000000 1 0.000000 0.000000 0.000000
4 1708679724 3.000000 1 3.000000 3.000000 3.000000
5 1708679724 0.000000 1 0.000000 0.000000 0.000000
6 1708679724 0.000000 1 0.000000 0.000000 0.000000
7 1708679724 0.000000 1 0.000000 0.000000 0.000000
4 1708679725 3.000000 1 3.000000 3.000000 3.000000
5 1708679725 0.000000 1 0.000000 0.000000 0.000000
6 1708679725 0.000000 1 0.000000 0.000000 0.000000
7 1708679725 0.000000 1 0.000000 0.000000 0.000000
4 1708679726 3.000000 1 3.000000 3.000000 3.000000
5 1708679726 0.000000 1 0.000000 0.000000 0.000000
6 1708679726 0.000000 1 0.000000 0.000000 0.000000
7 1708679726 0.000000 1 0.000000 0.000000 0.000000
4 1708679727 3.000000 1 3.000000 3.000000 3.000000
5 1708679727 0.000000 1 0.000000 0.000000 0.000000
6 1708679727 0.000000 1 0.000000 0.000000 0.000000
7 1708679727 0.000000 1 0.000000 0.000000 0.000000
4 1708679728 3.000000 1 3.000000 3.000000 3.000000
5 1708679728 0.000000 1 0.000000 0.000000 0.000000
6 1708679728 0.000000 1 0.000000 0.000000 0.000000
7 1708679728 0.000000 1 0.000000 0.000000 0.000000
4 1708679729 3.000000 1 3.000000 3.000000 3.000000
5 1708679729 0.000000 1 0.000000 0.000000 0.000000
6 1708679729 0.000000 1 0.000000 0.000000 0.000000
7 1708679729 0.000000 1 0.000000 0.000000 0.000000
4 1708679730 3.000000 1 3.000000 3.000000 3.000000
5 1708679730 0.000000 1 0.000000 0.000000 0.000000
6 1708679730 0.000000 1 0.000000 0.000000 0.000000
7 1708679730 0.000000 1 0.000000 0.000000 0.000000
4 1708679731 3.000000 1 3.000000 3.000000 3.000000
5 1708679731 0.000000 1 0.000000 0.000000 0.000000
6 1708679731 0.000000 1 0.000000 0.000000 0.000000
7 1708679731 0.000000 1 0.000000 0.000000 0.000000
4 1708679732 3.000000 1 3.000000 3.000000 3.000000
5 1708679732 0.000000 1 0.000000 0.000000 0.000000
6 1708679732 0.000000 1 0.000000 0.000000 0.000000
7 1708679732 0.000000 1 0.000000 0.000000 0.000000
4 1708679733 3.000000 1 3.000000 3.000000 3.000000
5 1708679733 0.000000 1 0.000000 0.000000 0.000000
6 1708679733 0.000000 1 0.000000 0.000000 0.000000
7 1708679733 0.000000 1 0.000000 0.000000 0.000000
4 1708679734 3.000000 1 3.000000 3.000000 3.000000
5 1708679734 0.000000 1 0.000000 0.000000 0.000000
6 1708679734 0.000000 1 0.000000 0.000000 0.000000
7 1708679734 0.000000 1 0.000000 0.000000 0.000000
4 1708679735 3.000000 1 3.000000 3.000000 3.000000
5 1708679735 0.000000 1 0.000000 0.000000 0.000000
6 1708679735 0.000000 1 0.000000 0.000000 0.000000
7 1708679735 0.000000 1 0.000000 0.000000 0.000000
4 1708679736 3.000000 1 3.000000 3.000000 3.000000
5 1708679736 0.000000 1 0.000000 0.000000 0.000000
6 1708679736 0.000000 1 0.000000 0.000000 0.000000
7 1708679736 0.000000 1 0.000000 0.000000 0.000000
4 1708679737 3.000000 1 3.000000 3.000000 3.000000
5 1708679737 0.000000 1 0.000000 0.000000 0.000000
6 1708679737 0.000000 1 0.000000 0.000000 0.000000
7 1708679737 0.000000 1 0.000000 0.000000 0.000000
4 1708679738 3.000000 1 3.000000 3.000000 3.000000
5 1708679738 0.000000 1 0.000000 0.000000 0.000000
6 1708679738 0.000000 1 0.000000 0.000000 0.000000
7 1708679738 0.000000 1 0.000000 0.000000 0.000000
4 1708679739 3.000000 1 3.000000 3.000000 3.000000
5 1708679739 0.000000 1 0.000000 0.000000 0.000000
6 1708679739 0.000000 1 0.000000 0.000000 0.000000
7 1708679739 0.000000 1 0.000000 0.000000 0.000000
4 1708679740 3.000000 1 3.000000 3.000000 3.000000
5 1708679740 0.000000 1 0.000000 0.000000 0.000000
6 1708679740 0.000000 1 0.000000 0.000000 0.000000
7 1708679740 0.000000 1 0.000000 0.000000 0.000000
4 1708679741 3.000000 1 3.000000 3.000000 3.000000
5 1708679741 0.000000 1 0.000000 0.000000 0.000000
6 1708679741 0.000000 1 0.000000 0.000000 0.000000
7 1708679741 0.000000 1 0.000000 0.000000 0.000000
4 1708679742 3.000000 1 3.000000 3.000000 3.000000
5 1708679742 0.000000 1 0.000000 0.000000 0.000000
6 1708679742 0.000000 1 0.000000 0.000000 0.000000
7 1708679742 0.000000 1 0.000000 0.000000 0.000000
4 1708679743 3.000000 1 3.000000 3.000000 3.000000
5 1708679743 0.000000 1 0.000000 0.000000 0.000000
6 1708679743 0.000000 1 0.000000 0.000000 0.000000
7 1708679743 0.000000 1 0.000000 0.000000 0.000000
4 1708679744 3.000000 1 3.000000 3.000000 3.000000
5 1708679744 0.000000 1 0.000000 0.000000 0.000000
6 1708679744 0.000000 1 0.000000 0.000000 0.000000
7 1708679744 0.000000 1 0.000000 0.000000 0.000000
4 1708679745 3.000000 1 3.000000 3.000000 3.000000
5 1708679745 0.000000 1 0.000000 0.000000 0.000000
6 1708679745 0.000000 1 0.000000 0.000000 0.000000
7 1708679745 0.000000 1 0.000000 0.000000 0.000000
4 1708679746 3.000000 1 3.000000 3.000000 3.000000
5 1708679746 0.000000 1 0.000000 0.000000 0.000000
6 1708679746 0.000000 1 0.000000 0.000000 0.000000
7 1708679746 0.000000 1 0.000000 0.000000 0.000000
4 1708679747 3.000000 1 3.000000 3.000000 3.000000
5 1708679747 0.000000 1 0.000000 0.000000 0.000000
6 1708679747 0.000000 1 0.000000 0.000000 0.000000
7 1708679747 0.000000 1 0.000000 0.000000 0.000000
4 1708679748 3.000000 1 3.000000 3.000000 3.000000
5 1708679748 0.000000 1 0.000000 0.000000 0.000000
6 1708679748 0.000000 1 0.000000 0.000000 0.000000
7 1708679748 0.000000 1 0.000000 0.000000 0.000000
4 1708679749 3.000000 1 3.000000 3.000000 3.000000
5 1708679749 0.000000 1 0.000000 0.000000 0.000000
6 1708679749 0.000000 1 0.000000 0.000000 0.000000
7 1708679749 0.000000 1 0.000000 0.000000 0.000000
4 1708679750 3.000000 1 3.000000 3.000000 3.000000
5 1708679750 0.000000 1 0.000000 0.000000 0.000000
6 1708679750 0.000000 1 0.000000 0.000000 0.000000
7 1708679750 0.000000 1 0.000000 0.000000 0.000000
4 1708679751 3.000000 1 3.000000 3.000000 3.000000
5 1708679751 0.000000 1 0.000000 0.000000 0.000000
6 1708679751 0.000000 1 0.000000 0.000000 0.000000
7 1708679751 0.000000 1 0.000000 0.000000 0.000000
4 1708679752 3.000000 1 3.000000 3.000000 3.000000
5 1708679752 0.000000 1 0.000000 0.000000 0.000000
6 1708679752 0.000000 1 0.000000 0.000000 0.000000
7 1708679752 0.000000 1 0.000000 0.000000 0.000000
4 1708679753 3.000000 1 3.000000 3.000000 3.000000
5 1708679753 0.000000 1 0.000000 0.000000 0.000000
6 1708679753 0.000000 1 0.000000 0.000000 0.000000
7 1708679753 0.000000 1 0.000000 0.000000 0.000000
4 1708679754 3.000000 1 3.000000 3.000000 3.000000
5 1708679754 0.000000 1 0.000000 0.000000 0.000000
6 1708679754 0.000000 1 0.000000 0.000000 0.000000
7 1708679754 0.000000 1 0.000000 0.000000 0.000000
4 1708679755 3.000000 1 3.000000 3.000000 3.000000
5 1708679755 0.000000 1 0.000000 0.000000 0.000000
6 1708679755 0.000000 1 0.000000 0.000000 0.000000
7 1708679755 0.000000 1 0.000000 0.000000 0.000000
4 1708679756 3.000000 1 3.000000 3.000000 3.000000
5 1708679756 0.000000 1 0.000000 0.000000 0.000000
6 1708679756 0.000000 1 0.000000 0.000000 0.000000
7 1708679756 0.000000 1 0.000000 0.000000 0.000000
4 1708679757 3.000000 1 3.000000 3.000000 3.000000
5 1708679757 0.000000 1 0.000000 0.000000 0.000000
6 1708679757 0.000000 1 0.000000 0.000000 0.000000
7 1708679757 0.000000 1 0.000000 0.000000 0.000000
4 1708679758 3.000000 1 3.000000 3.000000 3.000000
5 1708679758 0.000000 1 0.000000 0.000000 0.000000
6 1708679758 0.000000 1 0.000000 0.000000 0.000000
7 1708679758 0.000000 1 0.000000 0.000000 0.000000
4 1708679759 3.000000 1 3.000000 3.000000 3.000000
5 1708679759 0.000000 1 0.000000 0.000000 0.000000
6 1708679759 0.000000 1 0.000000 0.000000 0.000000
7 1708679759 0.000000 1 0.000000 0.000000 0.000000
4 1708679760 3.000000 1 3.000000 3.000000 3.000000
5 1708679760 0.000000 1 0.000000 0.000000 0.000000
6 1708679760 0.000000 1 0.000000 0.000000 0.000000
7 1708679760 0.000000 1 0.000000 0.000000 0.000000
4 1708679761 3.000000 1 3.000000 3.000000 3.000000
5 1708679761 0.000000 1 0.000000 0.000000 0.000000
6 1708679761 0.000000 1 0.000000 0.000000 0.000000
7 1708679761 0.000000 1 0.000000 0.000000 0.000000
4 1708679762 3.000000 1 3.000000 3.000000 3.000000
5 1708679762 0.000000 1 0.000000 0.000000 0.000000
6 1708679762 0.000000 1 0.000000 0.000000 0.000000
7 1708679762 0.000000 1 0.000000 0.000000 0.000000
4 1708679763 3.000000 1 3.000000 3.000000 3.000000
5 1708679763 0.000000 1 0.000000 0.000000 0.000000
6 1708679763 0.000000 1 0.000000 0.000000 0.000000
7 1708679763 0.000000 1 0.000000 0.000000 0.000000
4 1708679764 3.000000 1 3.000000 3.000000 3.000000
5 1708679764 0.000000 1 0.000000 0.000000 0.000000
6 1708679764 0.000000 1 0.000000 0.000000 0.000000
7 1708679764 0.000000 1 0.000000 0.000000 0.000000
4 1708679765 3.000000 1 3.000000 3.000000 3.000000
5 1708679765 0.000000 1 0.000000 0.000000 0.000000
6 1708679765 0.000000 1 0.000000 0.000000 0.000000
7 1708679765 0.000000 1 0.000000 0.000000 0.000000
4 1708679766 3.000000 1 3.000000 3.000000 3.000000
5 1708679766 0.000000 1 0.000000 0.000000 0.000000
6 1708679766 0.000000 1 0.000000 0.000000 0.000000
7 1708679766 0.000000 1 0.000000 0.000000 0.000000
4 1708679767 3.000000 1 3.000000 3.000000 3.000000
5 1708679767 0.000000 1 0.000000 0.000000 0.000000
6 1708679767 0.000000 1 0.000000 0.000000 0.000000
7 1708679767 0.000000 1 0.000000 0.000000 0.000000
4 1708679768 3.000000 1 3.000000 3.000000 3.000000
5 1708679768 0.000000 1 0.000000 0.000000 0.000000
6 1708679768 0.000000 1 0.000000 0.000000 0.000000
7 1708679768 0.000000 1 0.000000 0.000000 0.000000
4 1708679769 3.000000 1 3.000000 3.000000 3.000000
5 1708679769 0.000000 1 0.000000 0.000000 0.000000
6 1708679769 0.000000 1 0.000000 0.000000 0.000000
7 1708679769 0.000000 1 0.000000 0.000000 0.000000
4 1708679770 3.000000 1 3.000000 3.000000 3.000000
5 1708679770 0.000000 1 0.000000 0.000000 0.000000
6 1708679770 0.000000 1 0.000000 0.000000 0.000000
7 1708679770 0.000000 1 0.000000 0.000000 0.000000
4 1708679771 3.000000 1 3.000000 3.000000 3.000000
5 1708679771 0.000000 1 0.000000 0.000000 0.000000
6 1708679771 0.000000 1 0.000000 0.000000 0.000000
7 1708679771 0.000000 1 0.000000 0.000000 0.000000
4 1708679772 3.000000 1 3.000000 3.000000 3.000000
5 1708679772 0.000000 1 0.000000 0.000000 0.000000
6 1708679772 0.000000 1 0.000000 0.000000 0.000000
7 1708679772 0.000000 1 0.000000 0.000000 0.000000
4 1708679773 3.000000 1 3.000000 3.000000 3.000000
5 1708679773 0.000000 1 0.000000 0.000000 0.000000
6 1708679773 0.000000 1 0.000000 0.000000 0.000000
7 1708679773 0.000000 1 0.000000 0.000000 0.000000
4 1708679774 3.000000 1 3.000000 3.000000 3.000000
5 1708679774 0.000000 1 0.000000 0.000000 0.000000
6 1708679774 0.000000 1 0.000000 0.000000 0.000000
7 1708679774 0.000000 1 0.000000 0.000000 0.000000
4 1708679775 3.000000 1 3.000000 3.000000 3.000000
5 1708679775 0.000000 1 0.000000 0.000000 0.000000
6 1708679775 0.000000 1 0.000000 0.000000 0.000000
7 1708679775 0.000000 1 0.000000 0.000000 0.000000
4 1708679776 3.000000 1 3.000000 3.000000 3.000000
5 1708679776 0.000000 1 0.000000 0.000000 0.000000
6 1708679776 0.000000 1 0.000000 0.000000 0.000000
7 1708679776 0.000000 1 0.000000 0.000000 0.000000
4 1708679777 3.000000 1 3.000000 3.000000 3.000000
5 1708679777 0.000000 1 0.000000 0.000000 0.000000
6 1708679777 0.000000 1 0.000000 0.000000 0.000000
7 1708679777 0.000000 1 0.000000 0.000000 0.000000
4 1708679778 3.000000 1 3.000000 3.000000 3.000000
5 1708679778 0.000000 1 0.000000 0.000000 0.000000
6 1708679778 0.000000 1 0.000000 0.000000 0.000000
7 1708679778 0.000000 1 0.000000 0.000000 0.000000
4 1708679779 2.000000 1 2.000000 2.000000 2.000000
5 1708679779 0.000000 1 0.000000 0.000000 0.000000
6 1708679779 1.000000 1 1.000000 1.000000 1.000000
7 1708679779 0.000000 1 0.000000 0.000000 0.000000
4 1708679780 2.000000 1 2.000000 2.000000 2.000000
5 1708679780 0.000000 1 0.000000 0.000000 0.000000
6 1708679780 1.000000 1 1.000000 1.000000 1.000000
7 1708679780 0.000000 1 0.000000 0.000000 0.000000
4 1708679782 2.000000 1 2.000000 2.000000 2.000000
5 1708679782 0.000000 1 0.000000 0.000000 0.000000
6 1708679782 1.000000 1 1.000000 1.000000 1.000000
7 1708679782 0.000000 1 0.000000 0.000000 0.000000
4 1708679783 2.000000 1 2.000000 2.000000 2.000000
5 1708679783 0.000000 1 0.000000 0.000000 0.000000
6 1708679783 1.000000 1 1.000000 1.000000 1.000000
7 1708679783 0.000000 1 0.000000 0.000000 0.000000
4 1708679784 2.000000 1 2.000000 2.000000 2.000000
5 1708679784 0.000000 1 0.000000 0.000000 0.000000
6 1708679784 1.000000 1 1.000000 1.000000 1.000000
7 1708679784 0.000000 1 0.000000 0.000000 0.000000
4 1708679785 2.000000 1 2.000000 2.000000 2.000000
5 1708679785 0.000000 1 0.000000 0.000000 0.000000
6 1708679785 1.000000 1 1.000000 1.000000 1.000000
7 1708679785 0.000000 1 0.000000 0.000000 0.000000
4 1708679786 2.000000 1 2.000000 2.000000 2.000000
5 1708679786 0.000000 1 0.000000 0.000000 0.000000
6 1708679786 1.000000 1 1.000000 1.000000 1.000000
7 1708679786 0.000000 1 0.000000 0.000000 0.000000
4 1708679787 2.000000 1 2.000000 2.000000 2.000000
5 1708679787 0.000000 1 0.000000 0.000000 0.000000
6 1708679787 1.000000 1 1.000000 1.000000 1.000000
7 1708679787 0.000000 1 0.000000 0.000000 0.000000
4 1708679788 2.000000 1 2.000000 2.000000 2.000000
5 1708679788 0.000000 1 0.000000 0.000000 0.000000
6 1708679788 1.000000 1 1.000000 1.000000 1.000000
7 1708679788 0.000000 1 0.000000 0.000000 0.000000
4 1708679789 2.000000 1 2.000000 2.000000 2.000000
5 1708679789 0.000000 1 0.000000 0.000000 0.000000
6 1708679789 1.000000 1 1.000000 1.000000 1.000000
7 1708679789 0.000000 1 0.000000 0.000000 0.000000
4 1708679790 2.000000 1 2.000000 2.000000 2.000000
5 1708679790 0.000000 1 0.000000 0.000000 0.000000
6 1708679790 1.000000 1 1.000000 1.000000 1.000000
7 1708679790 0.000000 1 0.000000 0.000000 0.000000
4 1708679791 2.000000 1 2.000000 2.000000 2.000000
5 1708679791 0.000000 1 0.000000 0.000000 0.000000
6 1708679791 1.000000 1 1.000000 1.000000 1.000000
7 1708679791 0.000000 1 0.000000 0.000000 0.000000
4 1708679792 2.000000 1 2.000000 2.000000 2.000000
5 1708679792 0.000000 1 0.000000 0.000000 0.000000
6 1708679792 1.000000 1 1.000000 1.000000 1.000000
7 1708679792 0.000000 1 0.000000 0.000000 0.000000
4 1708679793 2.000000 1 2.000000 2.000000 2.000000
5 1708679793 0.000000 1 0.000000 0.000000 0.000000
6 1708679793 1.000000 1 1.000000 1.000000 1.000000
7 1708679793 0.000000 1 0.000000 0.000000 0.000000
4 1708679794 2.000000 1 2.000000 2.000000 2.000000
5 1708679794 0.000000 1 0.000000 0.000000 0.000000
6 1708679794 1.000000 1 1.000000 1.000000 1.000000
7 1708679794 0.000000 1 0.000000 0.000000 0.000000
4 1708679795 2.000000 1 2.000000 2.000000 2.000000
5 1708679795 0.000000 1 0.000000 0.000000 0.000000
6 1708679795 1.000000 1 1.000000 1.000000 1.000000
7 1708679795 0.000000 1 0.000000 0.000000 0.000000
4 1708679796 2.000000 1 2.000000 2.000000 2.000000
5 1708679796 0.000000 1 0.000000 0.000000 0.000000
6 1708679796 1.000000 1 1.000000 1.000000 1.000000
7 1708679796 0.000000 1 0.000000 0.000000 0.000000
4 1708679797 2.000000 1 2.000000 2.000000 2.000000
5 1708679797 0.000000 1 0.000000 0.000000 0.000000
6 1708679797 1.000000 1 1.000000 1.000000 1.000000
7 1708679797 0.000000 1 0.000000 0.000000 0.000000
4 1708679798 2.000000 1 2.000000 2.000000 2.000000
5 1708679798 0.000000 1 0.000000 0.000000 0.000000
6 1708679798 1.000000 1 1.000000 1.000000 1.000000
7 1708679798 0.000000 1 0.000000 0.000000 0.000000
4 1708679799 2.000000 1 2.000000 2.000000 2.000000
5 1708679799 0.000000 1 0.000000 0.000000 0.000000
6 1708679799 1.000000 1 1.000000 1.000000 1.000000
7 1708679799 0.000000 1 0.000000 0.000000 0.000000
4 1708679800 2.000000 1 2.000000 2.000000 2.000000
5 1708679800 0.000000 1 0.000000 0.000000 0.000000
6 1708679800 1.000000 1 1.000000 1.000000 1.000000
7 1708679800 0.000000 1 0.000000 0.000000 0.000000
4 1708679801 2.000000 1 2.000000 2.000000 2.000000
5 1708679801 0.000000 1 0.000000 0.000000 0.000000
6 1708679801 1.000000 1 1.000000 1.000000 1.000000
7 1708679801 0.000000 1 0.000000 0.000000 0.000000
4 1708679802 2.000000 1 2.000000 2.000000 2.000000
5 1708679802 0.000000 1 0.000000 0.000000 0.000000
6 1708679802 1.000000 1 1.000000 1.000000 1.000000
7 1708679802 0.000000 1 0.000000 0.000000 0.000000
4 1708679803 2.000000 1 2.000000 2.000000 2.000000
5 1708679803 0.000000 1 0.000000 0.000000 0.000000
6 1708679803 1.000000 1 1.000000 1.000000 1.000000
7 1708679803 0.000000 1 0.000000 0.000000 0.000000
4 1708679804 2.000000 1 2.000000 2.000000 2.000000
5 1708679804 0.000000 1 0.000000 0.000000 0.000000
6 1708679804 1.000000 1 1.000000 1.000000 1.000000
7 1708679804 0.000000 1 0.000000 0.000000 0.000000
4 1708679805 2.000000 1 2.000000 2.000000 2.000000
5 1708679805 0.000000 1 0.000000 0.000000 0.000000
6 1708679805 1.000000 1 1.000000 1.000000 1.000000
7 1708679805 0.000000 1 0.000000 0.000000 0.000000
4 1708679806 2.000000 1 2.000000 2.000000 2.000000
5 1708679806 0.000000 1 0.000000 0.000000 0.000000
6 1708679806 1.000000 1 1.000000 1.000000 1.000000
7 1708679806 0.000000 1 0.000000 0.000000 0.000000
4 1708679807 2.000000 1 2.000000 2.000000 2.000000
5 1708679807 0.000000 1 0.000000 0.000000 0.000000
6 1708679807 1.000000 1 1.000000 1.000000 1.000000
7 1708679807 0.000000 1 0.000000 0.000000 0.000000
4 1708679808 2.000000 1 2.000000 2.000000 2.000000
5 1708679808 0.000000 1 0.000000 0.000000 0.000000
6 1708679808 1.000000 1 1.000000 1.000000 1.000000
7 1708679808 0.000000 1 0.000000 0.000000 0.000000
4 1708679809 2.000000 1 2.000000 2.000000 2.000000
5 1708679809 0.000000 1 0.000000 0.000000 0.000000
6 1708679809 1.000000 1 1.000000 1.000000 1.000000
7 1708679809 0.000000 1 0.000000 0.000000 0.000000
4 1708679810 2.000000 1 2.000000 2.000000 2.000000
5 1708679810 0.000000 1 0.000000 0.000000 0.000000
6 1708679810 1.000000 1 1.000000 1.000000 1.000000
7 1708679810 0.000000 1 0.000000 0.000000 0.000000
4 1708679811 2.000000 1 2.000000 2.000000 2.000000
5 1708679811 0.000000 1 0.000000 0.000000 0.000000
6 1708679811 1.000000 1 1.000000 1.000000 1.000000
7 1708679811 0.000000 1 0.000000 0.000000 0.000000
4 1708679812 2.000000 1 2.000000 2.000000 2.000000
5 1708679812 0.000000 1 0.000000 0.000000 0.000000
6 1708679812 1.000000 1 1.000000 1.000000 1.000000
7 1708679812 0.000000 1 0.000000 0.000000 0.000000
4 1708679813 2.000000 1 2.000000 2.000000 2.000000
5 1708679813 0.000000 1 0.000000 0.000000 0.000000
6 1708679813 1.000000 1 1.000000 1.000000 1.000000
7 1708679813 0.000000 1 0.000000 0.000000 0.000000
4 1708679814 2.000000 1 2.000000 2.000000 2.000000
5 1708679814 0.000000 1 0.000000 0.000000 0.000000
6 1708679814 1.000000 1 1.000000 1.000000 1.000000
7 1708679814 0.000000 1 0.000000 0.000000 0.000000
4 1708679815 2.000000 1 2.000000 2.000000 2.000000
5 1708679815 0.000000 1 0.000000 0.000000 0.000000
6 1708679815 1.000000 1 1.000000 1.000000 1.000000
7 1708679815 0.000000 1 0.000000 0.000000 0.000000
4 1708679816 2.000000 1 2.000000 2.000000 2.000000
5 1708679816 0.000000 1 0.000000 0.000000 0.000000
6 1708679816 1.000000 1 1.000000 1.000000 1.000000
7 1708679816 0.000000 1 0.000000 0.000000 0.000000
4 1708679817 2.000000 1 2.000000 2.000000 2.000000
5 1708679817 0.000000 1 0.000000 0.000000 0.000000
6 1708679817 1.000000 1 1.000000 1.000000 1.000000
7 1708679817 0.000000 1 0.000000 0.000000 0.000000
4 1708679818 2.000000 1 2.000000 2.000000 2.000000
5 1708679818 0.000000 1 0.000000 0.000000 0.000000
6 1708679818 1.000000 1 1.000000 1.000000 1.000000
7 1708679818 0.000000 1 0.000000 0.000000 0.000000
4 1708679819 2.000000 1 2.000000 2.000000 2.000000
5 1708679819 0.000000 1 0.000000 0.000000 0.000000
6 1708679819 1.000000 1 1.000000 1.000000 1.000000
7 1708679819 0.000000 1 0.000000 0.000000 0.000000
4 1708679820 2.000000 1 2.000000 2.000000 2.000000
5 1708679820 0.000000 1 0.000000 0.000000 0.000000
6 1708679820 1.000000 1 1.000000 1.000000 1.000000
7 1708679820 0.000000 1 0.000000 0.000000 0.000000
4 1708679821 2.000000 1 2.000000 2.000000 2.000000
5 1708679821 0.000000 1 0.000000 0.000000 0.000000
6 1708679821 1.000000 1 1.000000 1.000000 1.000000
7 1708679821 0.000000 1 0.000000 0.000000 0.000000
4 1708679822 2.000000 1 2.000000 2.000000 2.000000
5 1708679822 0.000000 1 0.000000 0.000000 0.000000
6 1708679822 1.000000 1 1.000000 1.000000 1.000000
7 1708679822 0.000000 1 0.000000 0.000000 0.000000
4 1708679823 2.000000 1 2.000000 2.000000 2.000000
5 1708679823 0.000000 1 0.000000 0.000000 0.000000
6 1708679823 1.000000 1 1.000000 1.000000 1.000000
7 1708679823 0.000000 1 0.000000 0.000000 0.000000
4 1708679824 2.000000 1 2.000000 2.000000 2.000000
5 1708679824 0.000000 1 0.000000 0.000000 0.000000
6 1708679824 1.000000 1 1.000000 1.000000 1.000000
7 1708679824 0.000000 1 0.000000 0.000000 0.000000
4 1708679825 2.000000 1 2.000000 2.000000 2.000000
5 1708679825 0.000000 1 0.000000 0.000000 0.000000
6 1708679825 1.000000 1 1.000000 1.000000 1.000000
7 1708679825 0.000000 1 0.000000 0.000000 0.000000
4 1708679826 2.000000 1 2.000000 2.000000 2.000000
5 1708679826 0.000000 1 0.000000 0.000000 0.000000
6 1708679826 1.000000 1 1.000000 1.000000 1.000000
7 1708679826 0.000000 1 0.000000 0.000000 0.000000
4 1708679827 2.000000 1 2.000000 2.000000 2.000000
5 1708679827 0.000000 1 0.000000 0.000000 0.000000
6 1708679827 1.000000 1 1.000000 1.000000 1.000000
7 1708679827 0.000000 1 0.000000 0.000000 0.000000
4 1708679828 2.000000 1 2.000000 2.000000 2.000000
5 1708679828 0.000000 1 0.000000 0.000000 0.000000
6 1708679828 1.000000 1 1.000000 1.000000 1.000000
7 1708679828 0.000000 1 0.000000 0.000000 0.000000
4 1708679829 2.000000 1 2.000000 2.000000 2.000000
5 1708679829 0.000000 1 0.000000 0.000000 0.000000
6 1708679829 1.000000 1 1.000000 1.000000 1.000000
7 1708679829 0.000000 1 0.000000 0.000000 0.000000
4 1708679830 2.000000 1 2.000000 2.000000 2.000000
5 1708679830 0.000000 1 0.000000 0.000000 0.000000
6 1708679830 1.000000 1 1.000000 1.000000 1.000000
7 1708679830 0.000000 1 0.000000 0.000000 0.000000
4 1708679831 2.000000 1 2.000000 2.000000 2.000000
5 1708679831 0.000000 1 0.000000 0.000000 0.000000
6 1708679831 1.000000 1 1.000000 1.000000 1.000000
7 1708679831 0.000000 1 0.000000 0.000000 0.000000
4 1708679832 2.000000 1 2.000000 2.000000 2.000000
5 1708679832 0.000000 1 0.000000 0.000000 0.000000
6 1708679832 1.000000 1 1.000000 1.000000 1.000000
7 1708679832 0.000000 1 0.000000 0.000000 0.000000
4 1708679833 2.000000 1 2.000000 2.000000 2.000000
5 1708679833 0.000000 1 0.000000 0.000000 0.000000
6 1708679833 1.000000 1 1.000000 1.000000 1.000000
7 1708679833 0.000000 1 0.000000 0.000000 0.000000
4 1708679834 2.000000 1 2.000000 2.000000 2.000000
5 1708679834 0.000000 1 0.000000 0.000000 0.000000
6 1708679834 1.000000 1 1.000000 1.000000 1.000000
7 1708679834 0.000000 1 0.000000 0.000000 0.000000
4 1708679835 2.000000 1 2.000000 2.000000 2.000000
5 1708679835 0.000000 1 0.000000 0.000000 0.000000
6 1708679835 1.000000 1 1.000000 1.000000 1.000000
7 1708679835 0.000000 1 0.000000 0.000000 0.000000
4 1708679836 2.000000 1 2.000000 2.000000 2.000000
5 1708679836 0.000000 1 0.000000 0.000000 0.000000
6 1708679836 1.000000 1 1.000000 1.000000 1.000000
7 1708679836 0.000000 1 0.000000 0.000000 0.000000
4 1708679837 2.000000 1 2.000000 2.000000 2.000000
5 1708679837 0.000000 1 0.000000 0.000000 0.000000
6 1708679837 1.000000 1 1.000000 1.000000 1.000000
7 1708679837 0.000000 1 0.000000 0.000000 0.000000
4 1708679838 2.000000 1 2.000000 2.000000 2.000000
5 1708679838 0.000000 1 0.000000 0.000000 0.000000
6 1708679838 1.000000 1 1.000000 1.000000 1.000000
7 1708679838 0.000000 1 0.000000 0.000000 0.000000
4 1708679839 2.000000 1 2.000000 2.000000 2.000000
5 1708679839 0.000000 1 0.000000 0.000000 0.000000
6 1708679839 1.000000 1 1.000000 1.000000 1.000000
7 1708679839 0.000000 1 0.000000 0.000000 0.000000
4 1708679840 2.000000 1 2.000000 2.000000 2.000000
5 1708679840 0.000000 1 0.000000 0.000000 0.000000
6 1708679840 1.000000 1 1.000000 1.000000 1.000000
7 1708679840 0.000000 1 0.000000 0.000000 0.000000
4 1708679841 2.000000 1 2.000000 2.000000 2.000000
5 1708679841 0.000000 1 0.000000 0.000000 0.000000
6 1708679841 1.000000 1 1.000000 1.000000 1.000000
7 1708679841 0.000000 1 0.000000 0.000000 0.000000
4 1708679842 2.000000 1 2.000000 2.000000 2.000000
5 1708679842 0.000000 1 0.000000 0.000000 0.000000
6 1708679842 1.000000 1 1.000000 1.000000 1.000000
7 1708679842 0.000000 1 0.000000 0.000000 0.000000
4 1708679843 2.000000 1 2.000000 2.000000 2.000000
5 1708679843 0.000000 1 0.000000 0.000000 0.000000
6 1708679843 1.000000 1 1.000000 1.000000 1.000000
7 1708679843 0.000000 1 0.000000 0.000000 0.000000
4 1708679844 2.000000 1 2.000000 2.000000 2.000000
5 1708679844 0.000000 1 0.000000 0.000000 0.000000
6 1708679844 1.000000 1 1.000000 1.000000 1.000000
7 1708679844 0.000000 1 0.000000 0.000000 0.000000
4 1708679845 2.000000 1 2.000000 2.000000 2.000000
5 1708679845 0.000000 1 0.000000 0.000000 0.000000
6 1708679845 1.000000 1 1.000000 1.000000 1.000000
7 1708679845 0.000000 1 0.000000 0.000000 0.000000
4 1708679846 2.000000 1 2.000000 2.000000 2.000000
5 1708679846 0.000000 1 0.000000 0.000000 0.000000
6 1708679846 1.000000 1 1.000000 1.000000 1.000000
7 1708679846 0.000000 1 0.000000 0.000000 0.000000
4 1708679848 2.000000 1 2.000000 2.000000 2.000000
5 1708679848 0.000000 1 0.000000 0.000000 0.000000
6 1708679848 1.000000 1 1.000000 1.000000 1.000000
7 1708679848 0.000000 1 0.000000 0.000000 0.000000
4 1708679849 2.000000 1 2.000000 2.000000 2.000000
5 1708679849 0.000000 1 0.000000 0.000000 0.000000
6 1708679849 1.000000 1 1.000000 1.000000 1.000000
7 1708679849 0.000000 1 0.000000 0.000000 0.000000
4 1708679850 2.000000 1 2.000000 2.000000 2.000000
5 1708679850 0.000000 1 0.000000 0.000000 0.000000
6 1708679850 1.000000 1 1.000000 1.000000 1.000000
7 1708679850 0.000000 1 0.000000 0.000000 0.000000
4 1708679851 2.000000 1 2.000000 2.000000 2.000000
5 1708679851 0.000000 1 0.000000 0.000000 0.000000
6 1708679851 1.000000 1 1.000000 1.000000 1.000000
7 1708679851 0.000000 1 0.000000 0.000000 0.000000
4 1708679852 2.000000 1 2.000000 2.000000 2.000000
5 1708679852 0.000000 1 0.000000 0.000000 0.000000
6 1708679852 1.000000 1 1.000000 1.000000 1.000000
7 1708679852 0.000000 1 0.000000 0.000000 0.000000
4 1708679853 2.000000 1 2.000000 2.000000 2.000000
5 1708679853 0.000000 1 0.000000 0.000000 0.000000
6 1708679853 1.000000 1 1.000000 1.000000 1.000000
7 1708679853 0.000000 1 0.000000 0.000000 0.000000
4 1708679854 2.000000 1 2.000000 2.000000 2.000000
5 1708679854 0.000000 1 0.000000 0.000000 0.000000
6 1708679854 1.000000 1 1.000000 1.000000 1.000000
7 1708679854 0.000000 1 0.000000 0.000000 0.000000
4 1708679855 2.000000 1 2.000000 2.000000 2.000000
5 1708679855 0.000000 1 0.000000 0.000000 0.000000
6 1708679855 1.000000 1 1.000000 1.000000 1.000000
7 1708679855 0.000000 1 0.000000 0.000000 0.000000
4 1708679856 2.000000 1 2.000000 2.000000 2.000000
5 1708679856 0.000000 1 0.000000 0.000000 0.000000
6 1708679856 1.000000 1 1.000000 1.000000 1.000000
7 1708679856 0.000000 1 0.000000 0.000000 0.000000
4 1708679857 2.000000 1 2.000000 2.000000 2.000000
5 1708679857 0.000000 1 0.000000 0.000000 0.000000
6 1708679857 1.000000 1 1.000000 1.000000 1.000000
7 1708679857 0.000000 1 0.000000 0.000000 0.000000
4 1708679858 2.000000 1 2.000000 2.000000 2.000000
5 1708679858 0.000000 1 0.000000 0.000000 0.000000
6 1708679858 1.000000 1 1.000000 1.000000 1.000000
7 1708679858 0.000000 1 0.000000 0.000000 0.000000
4 1708679859 2.000000 1 2.000000 2.000000 2.000000
5 1708679859 0.000000 1 0.000000 0.000000 0.000000
6 1708679859 1.000000 1 1.000000 1.000000 1.000000
7 1708679859 0.000000 1 0.000000 0.000000 0.000000
4 1708679860 2.000000 1 2.000000 2.000000 2.000000
5 1708679860 0.000000 1 0.000000 0.000000 0.000000
6 1708679860 1.000000 1 1.000000 1.000000 1.000000
7 1708679860 0.000000 1 0.000000 0.000000 0.000000
4 1708679861 2.000000 1 2.000000 2.000000 2.000000
5 1708679861 0.000000 1 0.000000 0.000000 0.000000
6 1708679861 1.000000 1 1.000000 1.000000 1.000000
7 1708679861 0.000000 1 0.000000 0.000000 0.000000
4 1708679862 2.000000 1 2.000000 2.000000 2.000000
5 1708679862 0.000000 1 0.000000 0.000000 0.000000
6 1708679862 1.000000 1 1.000000 1.000000 1.000000
7 1708679862 0.000000 1 0.000000 0.000000 0.000000
4 1708679863 2.000000 1 2.000000 2.000000 2.000000
5 1708679863 0.000000 1 0.000000 0.000000 0.000000
6 1708679863 1.000000 1 1.000000 1.000000 1.000000
7 1708679863 0.000000 1 0.000000 0.000000 0.000000
4 1708679864 2.000000 1 2.000000 2.000000 2.000000
5 1708679864 0.000000 1 0.000000 0.000000 0.000000
6 1708679864 1.000000 1 1.000000 1.000000 1.000000
7 1708679864 0.000000 1 0.000000 0.000000 0.000000
4 1708679865 2.000000 1 2.000000 2.000000 2.000000
5 1708679865 0.000000 1 0.000000 0.000000 0.000000
6 1708679865 1.000000 1 1.000000 1.000000 1.000000
7 1708679865 0.000000 1 0.000000 0.000000 0.000000
4 1708679866 2.000000 1 2.000000 2.000000 2.000000
5 1708679866 0.000000 1 0.000000 0.000000 0.000000
6 1708679866 1.000000 1 1.000000 1.000000 1.000000
7 1708679866 0.000000 1 0.000000 0.000000 0.000000
4 1708679867 2.000000 1 2.000000 2.000000 2.000000
5 1708679867 0.000000 1 0.000000 0.000000 0.000000
6 1708679867 1.000000 1 1.000000 1.000000 1.000000
7 1708679867 0.000000 1 0.000000 0.000000 0.000000
4 1708679868 2.000000 1 2.000000 2.000000 2.000000
5 1708679868 0.000000 1 0.000000 0.000000 0.000000
6 1708679868 1.000000 1 1.000000 1.000000 1.000000
7 1708679868 0.000000 1 0.000000 0.000000 0.000000
4 1708679869 2.000000 1 2.000000 2.000000 2.000000
5 1708679869 0.000000 1 0.000000 0.000000 0.000000
6 1708679869 1.000000 1 1.000000 1.000000 1.000000
7 1708679869 0.000000 1 0.000000 0.000000 0.000000
4 1708679870 2.000000 1 2.000000 2.000000 2.000000
5 1708679870 0.000000 1 0.000000 0.000000 0.000000
6 1708679870 1.000000 1 1.000000 1.000000 1.000000
7 1708679870 0.000000 1 0.000000 0.000000 0.000000
4 1708679871 2.000000 1 2.000000 2.000000 2.000000
5 1708679871 0.000000 1 0.000000 0.000000 0.000000
6 1708679871 1.000000 1 1.000000 1.000000 1.000000
7 1708679871 0.000000 1 0.000000 0.000000 0.000000
4 1708679872 2.000000 1 2.000000 2.000000 2.000000
5 1708679872 0.000000 1 0.000000 0.000000 0.000000
6 1708679872 1.000000 1 1.000000 1.000000 1.000000
7 1708679872 0.000000 1 0.000000 0.000000 0.000000
4 1708679873 2.000000 1 2.000000 2.000000 2.000000
5 1708679873 0.000000 1 0.000000 0.000000 0.000000
6 1708679873 1.000000 1 1.000000 1.000000 1.000000
7 1708679873 0.000000 1 0.000000 0.000000 0.000000
4 1708679874 2.000000 1 2.000000 2.000000 2.000000
5 1708679874 0.000000 1 0.000000 0.000000 0.000000
6 1708679874 1.000000 1 1.000000 1.000000 1.000000
7 1708679874 0.000000 1 0.000000 0.000000 0.000000
4 1708679875 2.000000 1 2.000000 2.000000 2.000000
5 1708679875 0.000000 1 0.000000 0.000000 0.000000
6 1708679875 1.000000 1 1.000000 1.000000 1.000000
7 1708679875 0.000000 1 0.000000 0.000000 0.000000
4 1708679876 2.000000 1 2.000000 2.000000 2.000000
5 1708679876 0.000000 1 0.000000 0.000000 0.000000
6 1708679876 1.000000 1 1.000000 1.000000 1.000000
7 1708679876 0.000000 1 0.000000 0.000000 0.000000
4 1708679877 2.000000 1 2.000000 2.000000 2.000000
5 1708679877 0.000000 1 0.000000 0.000000 0.000000
6 1708679877 1.000000 1 1.000000 1.000000 1.000000
7 1708679877 0.000000 1 0.000000 0.000000 0.000000
4 1708679878 2.000000 1 2.000000 2.000000 2.000000
5 1708679878 0.000000 1 0.000000 0.000000 0.000000
6 1708679878 1.000000 1 1.000000 1.000000 1.000000
7 1708679878 0.000000 1 0.000000 0.000000 0.000000
4 1708679879 2.000000 1 2.000000 2.000000 2.000000
5 1708679879 0.000000 1 0.000000 0.000000 0.000000
6 1708679879 1.000000 1 1.000000 1.000000 1.000000
7 1708679879 0.000000 1 0.000000 0.000000 0.000000
4 1708679880 2.000000 1 2.000000 2.000000 2.000000
5 1708679880 0.000000 1 0.000000 0.000000 0.000000
6 1708679880 1.000000 1 1.000000 1.000000 1.000000
7 1708679880 0.000000 1 0.000000 0.000000 0.000000
4 1708679881 2.000000 1 2.000000 2.000000 2.000000
5 1708679881 0.000000 1 0.000000 0.000000 0.000000
6 1708679881 1.000000 1 1.000000 1.000000 1.000000
7 1708679881 0.000000 1 0.000000 0.000000 0.000000
4 1708679882 2.000000 1 2.000000 2.000000 2.000000
5 1708679882 0.000000 1 0.000000 0.000000 0.000000
6 1708679882 1.000000 1 1.000000 1.000000 1.000000
7 1708679882 0.000000 1 0.000000 0.000000 0.000000
4 1708679883 2.000000 1 2.000000 2.000000 2.000000
5 1708679883 0.000000 1 0.000000 0.000000 0.000000
6 1708679883 1.000000 1 1.000000 1.000000 1.000000
7 1708679883 0.000000 1 0.000000 0.000000 0.000000
4 1708679884 2.000000 1 2.000000 2.000000 2.000000
5 1708679884 0.000000 1 0.000000 0.000000 0.000000
6 1708679884 1.000000 1 1.000000 1.000000 1.000000
7 1708679884 0.000000 1 0.000000 0.000000 0.000000
4 1708679885 2.000000 1 2.000000 2.000000 2.000000
5 1708679885 0.000000 1 0.000000 0.000000 0.000000
6 1708679885 1.000000 1 1.000000 1.000000 1.000000
7 1708679885 0.000000 1 0.000000 0.000000 0.000000
4 1708679886 2.000000 1 2.000000 2.000000 2.000000
5 1708679886 0.000000 1 0.000000 0.000000 0.000000
6 1708679886 1.000000 1 1.000000 1.000000 1.000000
7 1708679886 0.000000 1 0.000000 0.000000 0.000000
4 1708679887 2.000000 1 2.000000 2.000000 2.000000
5 1708679887 0.000000 1 0.000000 0.000000 0.000000
6 1708679887 1.000000 1 1.000000 1.000000 1.000000
7 1708679887 0.000000 1 0.000000 0.000000 0.000000
4 1708679888 2.000000 1 2.000000 2.000000 2.000000
5 1708679888 0.000000 1 0.000000 0.000000 0.000000
6 1708679888 1.000000 1 1.000000 1.000000 1.000000
7 1708679888 0.000000 1 0.000000 0.000000 0.000000
4 1708679889 2.000000 1 2.000000 2.000000 2.000000
5 1708679889 0.000000 1 0.000000 0.000000 0.000000
6 1708679889 1.000000 1 1.000000 1.000000 1.000000
7 1708679889 0.000000 1 0.000000 0.000000 0.000000
4 1708679890 2.000000 1 2.000000 2.000000 2.000000
5 1708679890 0.000000 1 0.000000 0.000000 0.000000
6 1708679890 1.000000 1 1.000000 1.000000 1.000000
7 1708679890 0.000000 1 0.000000 0.000000 0.000000
4 1708679891 2.000000 1 2.000000 2.000000 2.000000
5 1708679891 0.000000 1 0.000000 0.000000 0.000000
6 1708679891 1.000000 1 1.000000 1.000000 1.000000
7 1708679891 0.000000 1 0.000000 0.000000 0.000000
4 1708679892 2.000000 1 2.000000 2.000000 2.000000
5 1708679892 0.000000 1 0.000000 0.000000 0.000000
6 1708679892 1.000000 1 1.000000 1.000000 1.000000
7 1708679892 0.000000 1 0.000000 0.000000 0.000000
4 1708679893 2.000000 1 2.000000 2.000000 2.000000
5 1708679893 0.000000 1 0.000000 0.000000 0.000000
6 1708679893 1.000000 1 1.000000 1.000000 1.000000
7 1708679893 0.000000 1 0.000000 0.000000 0.000000
4 1708679894 2.000000 1 2.000000 2.000000 2.000000
5 1708679894 0.000000 1 0.000000 0.000000 0.000000
6 1708679894 1.000000 1 1.000000 1.000000 1.000000
7 1708679894 0.000000 1 0.000000 0.000000 0.000000
4 1708679895 2.000000 1 2.000000 2.000000 2.000000
5 1708679895 0.000000 1 0.000000 0.000000 0.000000
6 1708679895 1.000000 1 1.000000 1.000000 1.000000
7 1708679895 0.000000 1 0.000000 0.000000 0.000000
4 1708679896 2.000000 1 2.000000 2.000000 2.000000
5 1708679896 0.000000 1 0.000000 0.000000 0.000000
6 1708679896 1.000000 1 1.000000 1.000000 1.000000
7 1708679896 0.000000 1 0.000000 0.000000 0.000000
4 1708679897 2.000000 1 2.000000 2.000000 2.000000
5 1708679897 0.000000 1 0.000000 0.000000 0.000000
6 1708679897 1.000000 1 1.000000 1.000000 1.000000
7 1708679897 0.000000 1 0.000000 0.000000 0.000000
4 1708679898 2.000000 1 2.000000 2.000000 2.000000
5 1708679898 0.000000 1 0.000000 0.000000 0.000000
6 1708679898 1.000000 1 1.000000 1.000000 1.000000
7 1708679898 0.000000 1 0.000000 0.000000 0.000000
4 1708679899 2.000000 1 2.000000 2.000000 2.000000
5 1708679899 0.000000 1 0.000000 0.000000 0.000000
6 1708679899 1.000000 1 1.000000 1.000000 1.000000
7 1708679899 0.000000 1 0.000000 0.000000 0.000000
4 1708679900 2.000000 1 2.000000 2.000000 2.000000
5 1708679900 0.000000 1 0.000000 0.000000 0.000000
6 1708679900 1.000000 1 1.000000 1.000000 1.000000
7 1708679900 0.000000 1 0.000000 0.000000 0.000000
4 1708679901 2.000000 1 2.000000 2.000000 2.000000
5 1708679901 0.000000 1 0.000000 0.000000 0.000000
6 1708679901 1.000000 1 1.000000 1.000000 1.000000
7 1708679901 0.000000 1 0.000000 0.000000 0.000000
4 1708679902 2.000000 1 2.000000 2.000000 2.000000
5 1708679902 0.000000 1 0.000000 0.000000 0.000000
6 1708679902 1.000000 1 1.000000 1.000000 1.000000
7 1708679902 0.000000 1 0.000000 0.000000 0.000000
4 1708679903 2.000000 1 2.000000 2.000000 2.000000
5 1708679903 0.000000 1 0.000000 0.000000 0.000000
6 1708679903 1.000000 1 1.000000 1.000000 1.000000
7 1708679903 0.000000 1 0.000000 0.000000 0.000000
4 1708679904 2.000000 1 2.000000 2.000000 2.000000
5 1708679904 0.000000 1 0.000000 0.000000 0.000000
6 1708679904 1.000000 1 1.000000 1.000000 1.000000
7 1708679904 0.000000 1 0.000000 0.000000 0.000000
4 1708679905 2.000000 1 2.000000 2.000000 2.000000
5 1708679905 0.000000 1 0.000000 0.000000 0.000000
6 1708679905 1.000000 1 1.000000 1.000000 1.000000
7 1708679905 0.000000 1 0.000000 0.000000 0.000000
4 1708679906 2.000000 1 2.000000 2.000000 2.000000
5 1708679906 0.000000 1 0.000000 0.000000 0.000000
6 1708679906 1.000000 1 1.000000 1.000000 1.000000
7 1708679906 0.000000 1 0.000000 0.000000 0.000000
4 1708679907 2.000000 1 2.000000 2.000000 2.000000
5 1708679907 0.000000 1 0.000000 0.000000 0.000000
6 1708679907 1.000000 1 1.000000 1.000000 1.000000
7 1708679907 0.000000 1 0.000000 0.000000 0.000000
4 1708679908 2.000000 1 2.000000 2.000000 2.000000
5 1708679908 0.000000 1 0.000000 0.000000 0.000000
6 1708679908 1.000000 1 1.000000 1.000000 1.000000
7 1708679908 0.000000 1 0.000000 0.000000 0.000000
4 1708679909 2.000000 1 2.000000 2.000000 2.000000
5 1708679909 0.000000 1 0.000000 0.000000 0.000000
6 1708679909 1.000000 1 1.000000 1.000000 1.000000
7 1708679909 0.000000 1 0.000000 0.000000 0.000000
4 1708679911 2.000000 1 2.000000 2.000000 2.000000
5 1708679911 0.000000 1 0.000000 0.000000 0.000000
6 1708679911 1.000000 1 1.000000 1.000000 1.000000
7 1708679911 0.000000 1 0.000000 0.000000 0.000000
4 1708679912 2.000000 1 2.000000 2.000000 2.000000
5 1708679912 0.000000 1 0.000000 0.000000 0.000000
6 1708679912 1.000000 1 1.000000 1.000000 1.000000
7 1708679912 0.000000 1 0.000000 0.000000 0.000000
4 1708679913 2.000000 1 2.000000 2.000000 2.000000
5 1708679913 0.000000 1 0.000000 0.000000 0.000000
6 1708679913 1.000000 1 1.000000 1.000000 1.000000
7 1708679913 0.000000 1 0.000000 0.000000 0.000000
4 1708679914 2.000000 1 2.000000 2.000000 2.000000
5 1708679914 0.000000 1 0.000000 0.000000 0.000000
6 1708679914 1.000000 1 1.000000 1.000000 1.000000
7 1708679914 0.000000 1 0.000000 0.000000 0.000000
4 1708679915 2.000000 1 2.000000 2.000000 2.000000
5 1708679915 0.000000 1 0.000000 0.000000 0.000000
6 1708679915 1.000000 1 1.000000 1.000000 1.000000
7 1708679915 0.000000 1 0.000000 0.000000 0.000000
4 1708679916 2.000000 1 2.000000 2.000000 2.000000
5 1708679916 0.000000 1 0.000000 0.000000 0.000000
6 1708679916 1.000000 1 1.000000 1.000000 1.000000
7 1708679916 0.000000 1 0.000000 0.000000 0.000000
4 1708679917 2.000000 1 2.000000 2.000000 2.000000
5 1708679917 0.000000 1 0.000000 0.000000 0.000000
6 1708679917 1.000000 1 1.000000 1.000000 1.000000
7 1708679917 0.000000 1 0.000000 0.000000 0.000000
4 1708679918 2.000000 1 2.000000 2.000000 2.000000
5 1708679918 0.000000 1 0.000000 0.000000 0.000000
6 1708679918 1.000000 1 1.000000 1.000000 1.000000
7 1708679918 0.000000 1 0.000000 0.000000 0.000000
4 1708679919 2.000000 1 2.000000 2.000000 2.000000
5 1708679919 0.000000 1 0.000000 0.000000 0.000000
6 1708679919 1.000000 1 1.000000 1.000000 1.000000
7 1708679919 0.000000 1 0.000000 0.000000 0.000000
4 1708679920 2.000000 1 2.000000 2.000000 2.000000
5 1708679920 0.000000 1 0.000000 0.000000 0.000000
6 1708679920 1.000000 1 1.000000 1.000000 1.000000
7 1708679920 0.000000 1 0.000000 0.000000 0.000000
4 1708679921 2.000000 1 2.000000 2.000000 2.000000
5 1708679921 0.000000 1 0.000000 0.000000 0.000000
6 1708679921 1.000000 1 1.000000 1.000000 1.000000
7 1708679921 0.000000 1 0.000000 0.000000 0.000000
4 1708679922 2.000000 1 2.000000 2.000000 2.000000
5 1708679922 0.000000 1 0.000000 0.000000 0.000000
6 1708679922 1.000000 1 1.000000 1.000000 1.000000
7 1708679922 0.000000 1 0.000000 0.000000 0.000000
4 1708679923 2.000000 1 2.000000 2.000000 2.000000
5 1708679923 0.000000 1 0.000000 0.000000 0.000000
6 1708679923 1.000000 1 1.000000 1.000000 1.000000
7 1708679923 0.000000 1 0.000000 0.000000 0.000000
4 1708679924 2.000000 1 2.000000 2.000000 2.000000
5 1708679924 0.000000 1 0.000000 0.000000 0.000000
6 1708679924 1.000000 1 1.000000 1.000000 1.000000
7 1708679924 0.000000 1 0.000000 0.000000 0.000000
4 1708679925 2.000000 1 2.000000 2.000000 2.000000
5 1708679925 0.000000 1 0.000000 0.000000 0.000000
6 1708679925 1.000000 1 1.000000 1.000000 1.000000
7 1708679925 0.000000 1 0.000000 0.000000 0.000000
4 1708679926 2.000000 1 2.000000 2.000000 2.000000
5 1708679926 0.000000 1 0.000000 0.000000 0.000000
6 1708679926 1.000000 1 1.000000 1.000000 1.000000
7 1708679926 0.000000 1 0.000000 0.000000 0.000000
4 1708679927 2.000000 1 2.000000 2.000000 2.000000
5 1708679927 0.000000 1 0.000000 0.000000 0.000000
6 1708679927 1.000000 1 1.000000 1.000000 1.000000
7 1708679927 0.000000 1 0.000000 0.000000 0.000000
4 1708679928 2.000000 1 2.000000 2.000000 2.000000
5 1708679928 0.000000 1 0.000000 0.000000 0.000000
6 1708679928 1.000000 1 1.000000 1.000000 1.000000
7 1708679928 0.000000 1 0.000000 0.000000 0.000000
4 1708679929 2.000000 1 2.000000 2.000000 2.000000
5 1708679929 0.000000 1 0.000000 0.000000 0.000000
6 1708679929 1.000000 1 1.000000 1.000000 1.000000
7 1708679929 0.000000 1 0.000000 0.000000 0.000000
4 1708679930 2.000000 1 2.000000 2.000000 2.000000
5 1708679930 0.000000 1 0.000000 0.000000 0.000000
6 1708679930 1.000000 1 1.000000 1.000000 1.000000
7 1708679930 0.000000 1 0.000000 0.000000 0.000000
4 1708679931 2.000000 1 2.000000 2.000000 2.000000
5 1708679931 0.000000 1 0.000000 0.000000 0.000000
6 1708679931 1.000000 1 1.000000 1.000000 1.000000
7 1708679931 0.000000 1 0.000000 0.000000 0.000000
4 1708679932 2.000000 1 2.000000 2.000000 2.000000
5 1708679932 0.000000 1 0.000000 0.000000 0.000000
6 1708679932 1.000000 1 1.000000 1.000000 1.000000
7 1708679932 0.000000 1 0.000000 0.000000 0.000000
4 1708679933 2.000000 1 2.000000 2.000000 2.000000
5 1708679933 0.000000 1 0.000000 0.000000 0.000000
6 1708679933 1.000000 1 1.000000 1.000000 1.000000
7 1708679933 0.000000 1 0.000000 0.000000 0.000000
4 1708679934 2.000000 1 2.000000 2.000000 2.000000
5 1708679934 0.000000 1 0.000000 0.000000 0.000000
6 1708679934 1.000000 1 1.000000 1.000000 1.000000
7 1708679934 0.000000 1 0.000000 0.000000 0.000000
4 1708679935 2.000000 1 2.000000 2.000000 2.000000
5 1708679935 0.000000 1 0.000000 0.000000 0.000000
6 1708679935 1.000000 1 1.000000 1.000000 1.000000
7 1708679935 0.000000 1 0.000000 0.000000 0.000000
4 1708679936 2.000000 1 2.000000 2.000000 2.000000
5 1708679936 0.000000 1 0.000000 0.000000 0.000000
6 1708679936 1.000000 1 1.000000 1.000000 1.000000
7 1708679936 0.000000 1 0.000000 0.000000 0.000000
4 1708679937 2.000000 1 2.000000 2.000000 2.000000
5 1708679937 0.000000 1 0.000000 0.000000 0.000000
6 1708679937 1.000000 1 1.000000 1.000000 1.000000
7 1708679937 0.000000 1 0.000000 0.000000 0.000000
4 1708679938 2.000000 1 2.000000 2.000000 2.000000
5 1708679938 0.000000 1 0.000000 0.000000 0.000000
6 1708679938 1.000000 1 1.000000 1.000000 1.000000
7 1708679938 0.000000 1 0.000000 0.000000 0.000000
4 1708679939 2.000000 1 2.000000 2.000000 2.000000
5 1708679939 0.000000 1 0.000000 0.000000 0.000000
6 1708679939 1.000000 1 1.000000 1.000000 1.000000
7 1708679939 0.000000 1 0.000000 0.000000 0.000000
4 1708679940 2.000000 1 2.000000 2.000000 2.000000
5 1708679940 0.000000 1 0.000000 0.000000 0.000000
6 1708679940 1.000000 1 1.000000 1.000000 1.000000
7 1708679940 0.000000 1 0.000000 0.000000 0.000000
4 1708679941 2.000000 1 2.000000 2.000000 2.000000
5 1708679941 0.000000 1 0.000000 0.000000 0.000000
6 1708679941 1.000000 1 1.000000 1.000000 1.000000
7 1708679941 0.000000 1 0.000000 0.000000 0.000000
4 1708679942 2.000000 1 2.000000 2.000000 2.000000
5 1708679942 0.000000 1 0.000000 0.000000 0.000000
6 1708679942 1.000000 1 1.000000 1.000000 1.000000
7 1708679942 0.000000 1 0.000000 0.000000 0.000000
4 1708679943 2.000000 1 2.000000 2.000000 2.000000
5 1708679943 0.000000 1 0.000000 0.000000 0.000000
6 1708679943 1.000000 1 1.000000 1.000000 1.000000
7 1708679943 0.000000 1 0.000000 0.000000 0.000000
4 1708679944 2.000000 1 2.000000 2.000000 2.000000
5 1708679944 0.000000 1 0.000000 0.000000 0.000000
6 1708679944 1.000000 1 1.000000 1.000000 1.000000
7 1708679944 0.000000 1 0.000000 0.000000 0.000000
4 1708679945 2.000000 1 2.000000 2.000000 2.000000
5 1708679945 0.000000 1 0.000000 0.000000 0.000000
6 1708679945 1.000000 1 1.000000 1.000000 1.000000
7 1708679945 0.000000 1 0.000000 0.000000 0.000000
4 1708679946 2.000000 1 2.000000 2.000000 2.000000
5 1708679946 0.000000 1 0.000000 0.000000 0.000000
6 1708679946 1.000000 1 1.000000 1.000000 1.000000
7 1708679946 0.000000 1 0.000000 0.000000 0.000000
4 1708679947 2.000000 1 2.000000 2.000000 2.000000
5 1708679947 0.000000 1 0.000000 0.000000 0.000000
6 1708679947 1.000000 1 1.000000 1.000000 1.000000
7 1708679947 0.000000 1 0.000000 0.000000 0.000000
4 1708679948 2.000000 1 2.000000 2.000000 2.000000
5 1708679948 0.000000 1 0.000000 0.000000 0.000000
6 1708679948 1.000000 1 1.000000 1.000000 1.000000
7 1708679948 0.000000 1 0.000000 0.000000 0.000000
4 1708679949 2.000000 1 2.000000 2.000000 2.000000
5 1708679949 0.000000 1 0.000000 0.000000 0.000000
6 1708679949 1.000000 1 1.000000 1.000000 1.000000
7 1708679949 0.000000 1 0.000000 0.000000 0.000000
4 1708679950 2.000000 1 2.000000 2.000000 2.000000
5 1708679950 0.000000 1 0.000000 0.000000 0.000000
6 1708679950 1.000000 1 1.000000 1.000000 1.000000
7 1708679950 0.000000 1 0.000000 0.000000 0.000000
4 1708679951 2.000000 1 2.000000 2.000000 2.000000
5 1708679951 0.000000 1 0.000000 0.000000 0.000000
6 1708679951 1.000000 1 1.000000 1.000000 1.000000
7 1708679951 0.000000 1 0.000000 0.000000 0.000000
4 1708679952 2.000000 1 2.000000 2.000000 2.000000
5 1708679952 0.000000 1 0.000000 0.000000 0.000000
6 1708679952 1.000000 1 1.000000 1.000000 1.000000
7 1708679952 0.000000 1 0.000000 0.000000 0.000000
4 1708679953 2.000000 1 2.000000 2.000000 2.000000
5 1708679953 0.000000 1 0.000000 0.000000 0.000000
6 1708679953 1.000000 1 1.000000 1.000000 1.000000
7 1708679953 0.000000 1 0.000000 0.000000 0.000000
4 1708679954 2.000000 1 2.000000 2.000000 2.000000
5 1708679954 0.000000 1 0.000000 0.000000 0.000000
6 1708679954 1.000000 1 1.000000 1.000000 1.000000
7 1708679954 0.000000 1 0.000000 0.000000 0.000000
4 1708679955 2.000000 1 2.000000 2.000000 2.000000
5 1708679955 0.000000 1 0.000000 0.000000 0.000000
6 1708679955 1.000000 1 1.000000 1.000000 1.000000
7 1708679955 0.000000 1 0.000000 0.000000 0.000000
4 1708679956 1.000000 1 1.000000 1.000000 1.000000
5 1708679956 0.000000 1 0.000000 0.000000 0.000000
6 1708679956 2.000000 1 2.000000 2.000000 2.000000
7 1708679956 0.000000 1 0.000000 0.000000 0.000000
4 1708679957 1.000000 1 1.000000 1.000000 1.000000
5 1708679957 0.000000 1 0.000000 0.000000 0.000000
6 1708679957 2.000000 1 2.000000 2.000000 2.000000
7 1708679957 0.000000 1 0.000000 0.000000 0.000000
4 1708679958 1.000000 1 1.000000 1.000000 1.000000
5 1708679958 0.000000 1 0.000000 0.000000 0.000000
6 1708679958 2.000000 1 2.000000 2.000000 2.000000
7 1708679958 0.000000 1 0.000000 0.000000 0.000000
4 1708679959 1.000000 1 1.000000 1.000000 1.000000
5 1708679959 0.000000 1 0.000000 0.000000 0.000000
6 1708679959 2.000000 1 2.000000 2.000000 2.000000
7 1708679959 0.000000 1 0.000000 0.000000 0.000000
4 1708679960 1.000000 1 1.000000 1.000000 1.000000
5 1708679960 0.000000 1 0.000000 0.000000 0.000000
6 1708679960 2.000000 1 2.000000 2.000000 2.000000
7 1708679960 0.000000 1 0.000000 0.000000 0.000000
4 1708679961 1.000000 1 1.000000 1.000000 1.000000
5 1708679961 0.000000 1 0.000000 0.000000 0.000000
6 1708679961 2.000000 1 2.000000 2.000000 2.000000
7 1708679961 0.000000 1 0.000000 0.000000 0.000000
4 1708679962 1.000000 1 1.000000 1.000000 1.000000
5 1708679962 0.000000 1 0.000000 0.000000 0.000000
6 1708679962 2.000000 1 2.000000 2.000000 2.000000
7 1708679962 0.000000 1 0.000000 0.000000 0.000000
4 1708679963 1.000000 1 1.000000 1.000000 1.000000
5 1708679963 0.000000 1 0.000000 0.000000 0.000000
6 1708679963 2.000000 1 2.000000 2.000000 2.000000
7 1708679963 0.000000 1 0.000000 0.000000 0.000000
4 1708679964 1.000000 1 1.000000 1.000000 1.000000
5 1708679964 0.000000 1 0.000000 0.000000 0.000000
6 1708679964 2.000000 1 2.000000 2.000000 2.000000
7 1708679964 0.000000 1 0.000000 0.000000 0.000000
4 1708679965 1.000000 1 1.000000 1.000000 1.000000
5 1708679965 0.000000 1 0.000000 0.000000 0.000000
6 1708679965 2.000000 1 2.000000 2.000000 2.000000
7 1708679965 0.000000 1 0.000000 0.000000 0.000000
4 1708679966 1.000000 1 1.000000 1.000000 1.000000
5 1708679966 0.000000 1 0.000000 0.000000 0.000000
6 1708679966 2.000000 1 2.000000 2.000000 2.000000
7 1708679966 0.000000 1 0.000000 0.000000 0.000000
4 1708679967 1.000000 1 1.000000 1.000000 1.000000
5 1708679967 0.000000 1 0.000000 0.000000 0.000000
6 1708679967 2.000000 1 2.000000 2.000000 2.000000
7 1708679967 0.000000 1 0.000000 0.000000 0.000000
4 1708679968 1.000000 1 1.000000 1.000000 1.000000
5 1708679968 0.000000 1 0.000000 0.000000 0.000000
6 1708679968 2.000000 1 2.000000 2.000000 2.000000
7 1708679968 0.000000 1 0.000000 0.000000 0.000000
4 1708679969 1.000000 1 1.000000 1.000000 1.000000
5 1708679969 0.000000 1 0.000000 0.000000 0.000000
6 1708679969 2.000000 1 2.000000 2.000000 2.000000
7 1708679969 0.000000 1 0.000000 0.000000 0.000000
4 1708679970 1.000000 1 1.000000 1.000000 1.000000
5 1708679970 0.000000 1 0.000000 0.000000 0.000000
6 1708679970 2.000000 1 2.000000 2.000000 2.000000
7 1708679970 0.000000 1 0.000000 0.000000 0.000000
4 1708679971 0.000000 1 0.000000 0.000000 0.000000
5 1708679971 0.000000 1 0.000000 0.000000 0.000000
6 1708679971 3.000000 1 3.000000 3.000000 3.000000
7 1708679971 0.000000 1 0.000000 0.000000 0.000000
