1 1708679549 0.000000 1 0.000000 0.000000 0.000000
2 1708679549 0.000000 1 0.000000 0.000000 0.000000
3 1708679549 0.000000 1 0.000000 0.000000 0.000000
1 1708679554 0.000000 1 0.000000 0.000000 0.000000
2 1708679554 0.000000 1 0.000000 0.000000 0.000000
3 1708679554 0.000000 1 0.000000 0.000000 0.000000
1 1708679559 0.000000 1 0.000000 0.000000 0.000000
2 1708679559 0.000000 1 0.000000 0.000000 0.000000
3 1708679559 0.000000 1 0.000000 0.000000 0.000000
1 1708679564 0.000000 1 0.000000 0.000000 0.000000
2 1708679564 0.000000 1 0.000000 0.000000 0.000000
3 1708679564 0.000000 1 0.000000 0.000000 0.000000
1 1708679569 0.000000 1 0.000000 0.000000 0.000000
2 1708679569 0.000000 1 0.000000 0.000000 0.000000
3 1708679569 0.000000 1 0.000000 0.000000 0.000000
1 1708679574 0.000000 1 0.000000 0.000000 0.000000
2 1708679574 0.000000 1 0.000000 0.000000 0.000000
3 1708679574 0.000000 1 0.000000 0.000000 0.000000
1 1708679579 0.000000 1 0.000000 0.000000 0.000000
2 1708679579 0.000000 1 0.000000 0.000000 0.000000
3 1708679579 0.000000 1 0.000000 0.000000 0.000000
1 1708679584 0.000000 1 0.000000 0.000000 0.000000
2 1708679584 0.000000 1 0.000000 0.000000 0.000000
3 1708679584 0.000000 1 0.000000 0.000000 0.000000
1 1708679589 0.000000 1 0.000000 0.000000 0.000000
2 1708679589 0.000000 1 0.000000 0.000000 0.000000
3 1708679589 0.000000 1 0.000000 0.000000 0.000000
1 1708679594 0.000000 1 0.000000 0.000000 0.000000
2 1708679594 0.000000 1 0.000000 0.000000 0.000000
3 1708679594 0.000000 1 0.000000 0.000000 0.000000
1 1708679599 0.000000 1 0.000000 0.000000 0.000000
2 1708679599 0.000000 1 0.000000 0.000000 0.000000
3 1708679599 0.000000 1 0.000000 0.000000 0.000000
1 1708679604 0.000000 1 0.000000 0.000000 0.000000
2 1708679604 0.000000 1 0.000000 0.000000 0.000000
3 1708679604 0.000000 1 0.000000 0.000000 0.000000
1 1708679609 0.000000 1 0.000000 0.000000 0.000000
2 1708679609 0.000000 1 0.000000 0.000000 0.000000
3 1708679609 0.000000 1 0.000000 0.000000 0.000000
1 1708679614 0.000000 1 0.000000 0.000000 0.000000
2 1708679614 0.000000 1 0.000000 0.000000 0.000000
3 1708679614 0.000000 1 0.000000 0.000000 0.000000
1 1708679619 0.000000 1 0.000000 0.000000 0.000000
2 1708679619 0.000000 1 0.000000 0.000000 0.000000
3 1708679619 0.000000 1 0.000000 0.000000 0.000000
1 1708679624 0.000000 1 0.000000 0.000000 0.000000
2 1708679624 0.000000 1 0.000000 0.000000 0.000000
3 1708679624 0.000000 1 0.000000 0.000000 0.000000
1 1708679629 0.000000 1 0.000000 0.000000 0.000000
2 1708679629 0.000000 1 0.000000 0.000000 0.000000
3 1708679629 0.000000 1 0.000000 0.000000 0.000000
1 1708679634 0.000000 1 0.000000 0.000000 0.000000
2 1708679634 0.000000 1 0.000000 0.000000 0.000000
3 1708679634 0.000000 1 0.000000 0.000000 0.000000
1 1708679639 0.000000 1 0.000000 0.000000 0.000000
2 1708679639 0.000000 1 0.000000 0.000000 0.000000
3 1708679639 0.000000 1 0.000000 0.000000 0.000000
1 1708679644 0.000000 1 0.000000 0.000000 0.000000
2 1708679644 0.000000 1 0.000000 0.000000 0.000000
3 1708679644 0.000000 1 0.000000 0.000000 0.000000
1 1708679649 0.000000 1 0.000000 0.000000 0.000000
2 1708679649 0.000000 1 0.000000 0.000000 0.000000
3 1708679649 0.000000 1 0.000000 0.000000 0.000000
1 1708679654 0.000000 1 0.000000 0.000000 0.000000
2 1708679654 0.000000 1 0.000000 0.000000 0.000000
3 1708679654 0.000000 1 0.000000 0.000000 0.000000
1 1708679659 0.000000 1 0.000000 0.000000 0.000000
2 1708679659 0.000000 1 0.000000 0.000000 0.000000
3 1708679659 0.000000 1 0.000000 0.000000 0.000000
1 1708679664 0.000000 1 0.000000 0.000000 0.000000
2 1708679664 0.000000 1 0.000000 0.000000 0.000000
3 1708679664 0.000000 1 0.000000 0.000000 0.000000
1 1708679669 0.000000 1 0.000000 0.000000 0.000000
2 1708679669 0.000000 1 0.000000 0.000000 0.000000
3 1708679669 0.000000 1 0.000000 0.000000 0.000000
1 1708679674 0.000000 1 0.000000 0.000000 0.000000
2 1708679674 0.000000 1 0.000000 0.000000 0.000000
3 1708679674 0.000000 1 0.000000 0.000000 0.000000
1 1708679679 0.000000 1 0.000000 0.000000 0.000000
2 1708679679 0.000000 1 0.000000 0.000000 0.000000
3 1708679679 0.000000 1 0.000000 0.000000 0.000000
1 1708679684 0.000000 1 0.000000 0.000000 0.000000
2 1708679684 0.000000 1 0.000000 0.000000 0.000000
3 1708679684 0.000000 1 0.000000 0.000000 0.000000
1 1708679689 0.000000 1 0.000000 0.000000 0.000000
2 1708679689 0.000000 1 0.000000 0.000000 0.000000
3 1708679689 0.000000 1 0.000000 0.000000 0.000000
1 1708679694 0.000000 1 0.000000 0.000000 0.000000
2 1708679694 0.000000 1 0.000000 0.000000 0.000000
3 1708679694 0.000000 1 0.000000 0.000000 0.000000
1 1708679699 0.000000 1 0.000000 0.000000 0.000000
2 1708679699 0.000000 1 0.000000 0.000000 0.000000
3 1708679699 0.000000 1 0.000000 0.000000 0.000000
1 1708679704 0.000000 1 0.000000 0.000000 0.000000
2 1708679704 0.000000 1 0.000000 0.000000 0.000000
3 1708679704 0.000000 1 0.000000 0.000000 0.000000
1 1708679709 0.000000 1 0.000000 0.000000 0.000000
2 1708679709 0.000000 1 0.000000 0.000000 0.000000
3 1708679709 0.000000 1 0.000000 0.000000 0.000000
1 1708679714 0.000000 1 0.000000 0.000000 0.000000
2 1708679714 0.000000 1 0.000000 0.000000 0.000000
3 1708679714 0.000000 1 0.000000 0.000000 0.000000
1 1708679719 0.000000 1 0.000000 0.000000 0.000000
2 1708679719 0.000000 1 0.000000 0.000000 0.000000
3 1708679719 0.000000 1 0.000000 0.000000 0.000000
1 1708679724 0.000000 1 0.000000 0.000000 0.000000
2 1708679724 0.000000 1 0.000000 0.000000 0.000000
3 1708679724 0.000000 1 0.000000 0.000000 0.000000
1 1708679729 0.000000 1 0.000000 0.000000 0.000000
2 1708679729 0.000000 1 0.000000 0.000000 0.000000
3 1708679729 0.000000 1 0.000000 0.000000 0.000000
1 1708679734 0.000000 1 0.000000 0.000000 0.000000
2 1708679734 0.000000 1 0.000000 0.000000 0.000000
3 1708679734 0.000000 1 0.000000 0.000000 0.000000
1 1708679739 0.000000 1 0.000000 0.000000 0.000000
2 1708679739 0.000000 1 0.000000 0.000000 0.000000
3 1708679739 0.000000 1 0.000000 0.000000 0.000000
1 1708679744 0.000000 1 0.000000 0.000000 0.000000
2 1708679744 0.000000 1 0.000000 0.000000 0.000000
3 1708679744 0.000000 1 0.000000 0.000000 0.000000
1 1708679749 0.000000 1 0.000000 0.000000 0.000000
2 1708679749 0.000000 1 0.000000 0.000000 0.000000
3 1708679749 0.000000 1 0.000000 0.000000 0.000000
1 1708679754 0.000000 1 0.000000 0.000000 0.000000
2 1708679754 0.000000 1 0.000000 0.000000 0.000000
3 1708679754 0.000000 1 0.000000 0.000000 0.000000
1 1708679759 0.000000 1 0.000000 0.000000 0.000000
2 1708679759 0.000000 1 0.000000 0.000000 0.000000
3 1708679759 0.000000 1 0.000000 0.000000 0.000000
1 1708679764 0.000000 1 0.000000 0.000000 0.000000
2 1708679764 0.000000 1 0.000000 0.000000 0.000000
3 1708679764 0.000000 1 0.000000 0.000000 0.000000
1 1708679769 0.000000 1 0.000000 0.000000 0.000000
2 1708679769 0.000000 1 0.000000 0.000000 0.000000
3 1708679769 0.000000 1 0.000000 0.000000 0.000000
1 1708679774 0.000000 1 0.000000 0.000000 0.000000
2 1708679774 0.000000 1 0.000000 0.000000 0.000000
3 1708679774 0.000000 1 0.000000 0.000000 0.000000
1 1708679779 0.000000 1 0.000000 0.000000 0.000000
2 1708679779 0.000000 1 0.000000 0.000000 0.000000
3 1708679779 0.000000 1 0.000000 0.000000 0.000000
1 1708679784 0.000000 1 0.000000 0.000000 0.000000
2 1708679784 0.000000 1 0.000000 0.000000 0.000000
3 1708679784 0.000000 1 0.000000 0.000000 0.000000
1 1708679789 0.000000 1 0.000000 0.000000 0.000000
2 1708679789 0.000000 1 0.000000 0.000000 0.000000
3 1708679789 0.000000 1 0.000000 0.000000 0.000000
1 1708679794 0.000000 1 0.000000 0.000000 0.000000
2 1708679794 0.000000 1 0.000000 0.000000 0.000000
3 1708679794 0.000000 1 0.000000 0.000000 0.000000
1 1708679799 0.000000 1 0.000000 0.000000 0.000000
2 1708679799 0.000000 1 0.000000 0.000000 0.000000
3 1708679799 0.000000 1 0.000000 0.000000 0.000000
1 1708679804 0.000000 1 0.000000 0.000000 0.000000
2 1708679804 0.000000 1 0.000000 0.000000 0.000000
3 1708679804 0.000000 1 0.000000 0.000000 0.000000
1 1708679809 0.000000 1 0.000000 0.000000 0.000000
2 1708679809 0.000000 1 0.000000 0.000000 0.000000
3 1708679809 0.000000 1 0.000000 0.000000 0.000000
1 1708679814 0.000000 1 0.000000 0.000000 0.000000
2 1708679814 0.000000 1 0.000000 0.000000 0.000000
3 1708679814 0.000000 1 0.000000 0.000000 0.000000
1 1708679819 0.000000 1 0.000000 0.000000 0.000000
2 1708679819 0.000000 1 0.000000 0.000000 0.000000
3 1708679819 0.000000 1 0.000000 0.000000 0.000000
1 1708679824 0.000000 1 0.000000 0.000000 0.000000
2 1708679824 0.000000 1 0.000000 0.000000 0.000000
3 1708679824 0.000000 1 0.000000 0.000000 0.000000
1 1708679829 0.000000 1 0.000000 0.000000 0.000000
2 1708679829 0.000000 1 0.000000 0.000000 0.000000
3 1708679829 0.000000 1 0.000000 0.000000 0.000000
1 1708679834 0.000000 1 0.000000 0.000000 0.000000
2 1708679834 0.000000 1 0.000000 0.000000 0.000000
3 1708679834 0.000000 1 0.000000 0.000000 0.000000
1 1708679839 0.000000 1 0.000000 0.000000 0.000000
2 1708679839 0.000000 1 0.000000 0.000000 0.000000
3 1708679839 0.000000 1 0.000000 0.000000 0.000000
1 1708679844 0.000000 1 0.000000 0.000000 0.000000
2 1708679844 0.000000 1 0.000000 0.000000 0.000000
3 1708679844 0.000000 1 0.000000 0.000000 0.000000
1 1708679849 0.000000 1 0.000000 0.000000 0.000000
2 1708679849 0.000000 1 0.000000 0.000000 0.000000
3 1708679849 0.000000 1 0.000000 0.000000 0.000000
1 1708679854 0.000000 1 0.000000 0.000000 0.000000
2 1708679854 0.000000 1 0.000000 0.000000 0.000000
3 1708679854 0.000000 1 0.000000 0.000000 0.000000
1 1708679859 0.000000 1 0.000000 0.000000 0.000000
2 1708679859 0.000000 1 0.000000 0.000000 0.000000
3 1708679859 0.000000 1 0.000000 0.000000 0.000000
1 1708679864 0.000000 1 0.000000 0.000000 0.000000
2 1708679864 0.000000 1 0.000000 0.000000 0.000000
3 1708679864 0.000000 1 0.000000 0.000000 0.000000
1 1708679869 0.000000 1 0.000000 0.000000 0.000000
2 1708679869 0.000000 1 0.000000 0.000000 0.000000
3 1708679869 0.000000 1 0.000000 0.000000 0.000000
1 1708679874 0.000000 1 0.000000 0.000000 0.000000
2 1708679874 0.000000 1 0.000000 0.000000 0.000000
3 1708679874 0.000000 1 0.000000 0.000000 0.000000
1 1708679879 0.000000 1 0.000000 0.000000 0.000000
2 1708679879 0.000000 1 0.000000 0.000000 0.000000
3 1708679879 0.000000 1 0.000000 0.000000 0.000000
1 1708679884 0.000000 1 0.000000 0.000000 0.000000
2 1708679884 0.000000 1 0.000000 0.000000 0.000000
3 1708679884 0.000000 1 0.000000 0.000000 0.000000
1 1708679889 0.000000 1 0.000000 0.000000 0.000000
2 1708679889 0.000000 1 0.000000 0.000000 0.000000
3 1708679889 0.000000 1 0.000000 0.000000 0.000000
1 1708679894 0.000000 1 0.000000 0.000000 0.000000
2 1708679894 0.000000 1 0.000000 0.000000 0.000000
3 1708679894 0.000000 1 0.000000 0.000000 0.000000
1 1708679899 0.000000 1 0.000000 0.000000 0.000000
2 1708679899 0.000000 1 0.000000 0.000000 0.000000
3 1708679899 0.000000 1 0.000000 0.000000 0.000000
1 1708679904 0.000000 1 0.000000 0.000000 0.000000
2 1708679904 0.000000 1 0.000000 0.000000 0.000000
3 1708679904 0.000000 1 0.000000 0.000000 0.000000
1 1708679909 0.000000 1 0.000000 0.000000 0.000000
2 1708679909 0.000000 1 0.000000 0.000000 0.000000
3 1708679909 0.000000 1 0.000000 0.000000 0.000000
1 1708679914 0.000000 1 0.000000 0.000000 0.000000
2 1708679914 0.000000 1 0.000000 0.000000 0.000000
3 1708679914 0.000000 1 0.000000 0.000000 0.000000
1 1708679919 0.000000 1 0.000000 0.000000 0.000000
2 1708679919 0.000000 1 0.000000 0.000000 0.000000
3 1708679919 0.000000 1 0.000000 0.000000 0.000000
1 1708679924 0.000000 1 0.000000 0.000000 0.000000
2 1708679924 0.000000 1 0.000000 0.000000 0.000000
3 1708679924 0.000000 1 0.000000 0.000000 0.000000
1 1708679929 0.000000 1 0.000000 0.000000 0.000000
2 1708679929 0.000000 1 0.000000 0.000000 0.000000
3 1708679929 0.000000 1 0.000000 0.000000 0.000000
1 1708679934 0.000000 1 0.000000 0.000000 0.000000
2 1708679934 0.000000 1 0.000000 0.000000 0.000000
3 1708679934 0.000000 1 0.000000 0.000000 0.000000
1 1708679939 0.000000 1 0.000000 0.000000 0.000000
2 1708679939 0.000000 1 0.000000 0.000000 0.000000
3 1708679939 0.000000 1 0.000000 0.000000 0.000000
1 1708679944 0.000000 1 0.000000 0.000000 0.000000
2 1708679944 0.000000 1 0.000000 0.000000 0.000000
3 1708679944 0.000000 1 0.000000 0.000000 0.000000
1 1708679949 0.000000 1 0.000000 0.000000 0.000000
2 1708679949 0.000000 1 0.000000 0.000000 0.000000
3 1708679949 0.000000 1 0.000000 0.000000 0.000000
1 1708679954 0.000000 1 0.000000 0.000000 0.000000
2 1708679954 0.000000 1 0.000000 0.000000 0.000000
3 1708679954 0.000000 1 0.000000 0.000000 0.000000
1 1708679959 0.000000 1 0.000000 0.000000 0.000000
2 1708679959 0.000000 1 0.000000 0.000000 0.000000
3 1708679959 0.000000 1 0.000000 0.000000 0.000000
1 1708679964 0.000000 1 0.000000 0.000000 0.000000
2 1708679964 0.000000 1 0.000000 0.000000 0.000000
3 1708679964 0.000000 1 0.000000 0.000000 0.000000
1 1708679969 0.000000 1 0.000000 0.000000 0.000000
2 1708679969 0.000000 1 0.000000 0.000000 0.000000
3 1708679969 0.000000 1 0.000000 0.000000 0.000000
