1 1708599961 0.000000 1 0.000000 0.000000 0.000000
2 1708599961 0.000000 1 0.000000 0.000000 0.000000
3 1708599961 0.000000 1 0.000000 0.000000 0.000000
4 1708599961 0.000000 1 0.000000 0.000000 0.000000
1 1708599962 0.000000 1 0.000000 0.000000 0.000000
2 1708599962 0.000000 1 0.000000 0.000000 0.000000
3 1708599962 0.000000 1 0.000000 0.000000 0.000000
4 1708599962 0.000000 1 0.000000 0.000000 0.000000
1 1708599963 0.000000 1 0.000000 0.000000 0.000000
2 1708599963 0.000000 1 0.000000 0.000000 0.000000
3 1708599963 0.000000 1 0.000000 0.000000 0.000000
4 1708599963 0.000000 1 0.000000 0.000000 0.000000
1 1708599964 0.000000 1 0.000000 0.000000 0.000000
2 1708599964 0.000000 1 0.000000 0.000000 0.000000
3 1708599964 0.000000 1 0.000000 0.000000 0.000000
4 1708599964 0.000000 1 0.000000 0.000000 0.000000
1 1708599965 1.000000 1 1.000000 1.000000 1.000000
2 1708599965 0.000000 1 0.000000 0.000000 0.000000
3 1708599965 0.000000 1 0.000000 0.000000 0.000000
4 1708599965 0.000000 1 0.000000 0.000000 0.000000
1 1708599966 1.000000 1 1.000000 1.000000 1.000000
2 1708599966 0.000000 1 0.000000 0.000000 0.000000
3 1708599966 0.000000 1 0.000000 0.000000 0.000000
4 1708599966 0.000000 1 0.000000 0.000000 0.000000
1 1708599967 1.000000 1 1.000000 1.000000 1.000000
2 1708599967 0.000000 1 0.000000 0.000000 0.000000
3 1708599967 0.000000 1 0.000000 0.000000 0.000000
4 1708599967 0.000000 1 0.000000 0.000000 0.000000
1 1708599968 1.000000 1 1.000000 1.000000 1.000000
2 1708599968 0.000000 1 0.000000 0.000000 0.000000
3 1708599968 0.000000 1 0.000000 0.000000 0.000000
4 1708599968 0.000000 1 0.000000 0.000000 0.000000
1 1708599969 1.000000 1 1.000000 1.000000 1.000000
2 1708599969 0.000000 1 0.000000 0.000000 0.000000
3 1708599969 0.000000 1 0.000000 0.000000 0.000000
4 1708599969 0.000000 1 0.000000 0.000000 0.000000
1 1708599970 1.000000 1 1.000000 1.000000 1.000000
2 1708599970 0.000000 1 0.000000 0.000000 0.000000
3 1708599970 0.000000 1 0.000000 0.000000 0.000000
4 1708599970 0.000000 1 0.000000 0.000000 0.000000
1 1708599971 1.000000 1 1.000000 1.000000 1.000000
2 1708599971 0.000000 1 0.000000 0.000000 0.000000
3 1708599971 0.000000 1 0.000000 0.000000 0.000000
4 1708599971 0.000000 1 0.000000 0.000000 0.000000
1 1708599972 1.000000 1 1.000000 1.000000 1.000000
2 1708599972 0.000000 1 0.000000 0.000000 0.000000
3 1708599972 0.000000 1 0.000000 0.000000 0.000000
4 1708599972 0.000000 1 0.000000 0.000000 0.000000
1 1708599973 1.000000 1 1.000000 1.000000 1.000000
2 1708599973 0.000000 1 0.000000 0.000000 0.000000
3 1708599973 0.000000 1 0.000000 0.000000 0.000000
4 1708599973 0.000000 1 0.000000 0.000000 0.000000
1 1708599974 1.000000 1 1.000000 1.000000 1.000000
2 1708599974 0.000000 1 0.000000 0.000000 0.000000
3 1708599974 0.000000 1 0.000000 0.000000 0.000000
4 1708599974 0.000000 1 0.000000 0.000000 0.000000
1 1708599975 1.000000 1 1.000000 1.000000 1.000000
2 1708599975 0.000000 1 0.000000 0.000000 0.000000
3 1708599975 0.000000 1 0.000000 0.000000 0.000000
4 1708599975 0.000000 1 0.000000 0.000000 0.000000
1 1708599976 1.000000 1 1.000000 1.000000 1.000000
2 1708599976 0.000000 1 0.000000 0.000000 0.000000
3 1708599976 0.000000 1 0.000000 0.000000 0.000000
4 1708599976 0.000000 1 0.000000 0.000000 0.000000
1 1708599977 1.000000 1 1.000000 1.000000 1.000000
2 1708599977 0.000000 1 0.000000 0.000000 0.000000
3 1708599977 0.000000 1 0.000000 0.000000 0.000000
4 1708599977 0.000000 1 0.000000 0.000000 0.000000
1 1708599978 1.000000 1 1.000000 1.000000 1.000000
2 1708599978 0.000000 1 0.000000 0.000000 0.000000
3 1708599978 0.000000 1 0.000000 0.000000 0.000000
4 1708599978 0.000000 1 0.000000 0.000000 0.000000
1 1708599979 2.000000 1 2.000000 2.000000 2.000000
2 1708599979 0.000000 1 0.000000 0.000000 0.000000
3 1708599979 0.000000 1 0.000000 0.000000 0.000000
4 1708599979 0.000000 1 0.000000 0.000000 0.000000
1 1708599980 2.000000 1 2.000000 2.000000 2.000000
2 1708599980 0.000000 1 0.000000 0.000000 0.000000
3 1708599980 0.000000 1 0.000000 0.000000 0.000000
4 1708599980 0.000000 1 0.000000 0.000000 0.000000
1 1708599981 2.000000 1 2.000000 2.000000 2.000000
2 1708599981 0.000000 1 0.000000 0.000000 0.000000
3 1708599981 0.000000 1 0.000000 0.000000 0.000000
4 1708599981 0.000000 1 0.000000 0.000000 0.000000
1 1708599982 2.000000 1 2.000000 2.000000 2.000000
2 1708599982 0.000000 1 0.000000 0.000000 0.000000
3 1708599982 0.000000 1 0.000000 0.000000 0.000000
4 1708599982 0.000000 1 0.000000 0.000000 0.000000
1 1708599983 2.000000 1 2.000000 2.000000 2.000000
2 1708599983 0.000000 1 0.000000 0.000000 0.000000
3 1708599983 0.000000 1 0.000000 0.000000 0.000000
4 1708599983 0.000000 1 0.000000 0.000000 0.000000
1 1708599984 2.000000 1 2.000000 2.000000 2.000000
2 1708599984 0.000000 1 0.000000 0.000000 0.000000
3 1708599984 0.000000 1 0.000000 0.000000 0.000000
4 1708599984 0.000000 1 0.000000 0.000000 0.000000
1 1708599985 2.000000 1 2.000000 2.000000 2.000000
2 1708599985 0.000000 1 0.000000 0.000000 0.000000
3 1708599985 0.000000 1 0.000000 0.000000 0.000000
4 1708599985 0.000000 1 0.000000 0.000000 0.000000
1 1708599986 2.000000 1 2.000000 2.000000 2.000000
2 1708599986 0.000000 1 0.000000 0.000000 0.000000
3 1708599986 0.000000 1 0.000000 0.000000 0.000000
4 1708599986 0.000000 1 0.000000 0.000000 0.000000
1 1708599987 2.000000 1 2.000000 2.000000 2.000000
2 1708599987 0.000000 1 0.000000 0.000000 0.000000
3 1708599987 0.000000 1 0.000000 0.000000 0.000000
4 1708599987 0.000000 1 0.000000 0.000000 0.000000
1 1708599988 2.000000 1 2.000000 2.000000 2.000000
2 1708599988 0.000000 1 0.000000 0.000000 0.000000
3 1708599988 0.000000 1 0.000000 0.000000 0.000000
4 1708599988 0.000000 1 0.000000 0.000000 0.000000
1 1708599989 2.000000 1 2.000000 2.000000 2.000000
2 1708599989 0.000000 1 0.000000 0.000000 0.000000
3 1708599989 0.000000 1 0.000000 0.000000 0.000000
4 1708599989 0.000000 1 0.000000 0.000000 0.000000
1 1708599990 2.000000 1 2.000000 2.000000 2.000000
2 1708599990 0.000000 1 0.000000 0.000000 0.000000
3 1708599990 0.000000 1 0.000000 0.000000 0.000000
4 1708599990 0.000000 1 0.000000 0.000000 0.000000
1 1708599991 2.000000 1 2.000000 2.000000 2.000000
2 1708599991 0.000000 1 0.000000 0.000000 0.000000
3 1708599991 0.000000 1 0.000000 0.000000 0.000000
4 1708599991 0.000000 1 0.000000 0.000000 0.000000
1 1708599992 2.000000 1 2.000000 2.000000 2.000000
2 1708599992 0.000000 1 0.000000 0.000000 0.000000
3 1708599992 0.000000 1 0.000000 0.000000 0.000000
4 1708599992 0.000000 1 0.000000 0.000000 0.000000
1 1708599993 3.000000 1 3.000000 3.000000 3.000000
2 1708599993 0.000000 1 0.000000 0.000000 0.000000
3 1708599993 0.000000 1 0.000000 0.000000 0.000000
4 1708599993 0.000000 1 0.000000 0.000000 0.000000
1 1708599994 3.000000 1 3.000000 3.000000 3.000000
2 1708599994 0.000000 1 0.000000 0.000000 0.000000
3 1708599994 0.000000 1 0.000000 0.000000 0.000000
4 1708599994 0.000000 1 0.000000 0.000000 0.000000
1 1708599995 3.000000 1 3.000000 3.000000 3.000000
2 1708599995 0.000000 1 0.000000 0.000000 0.000000
3 1708599995 0.000000 1 0.000000 0.000000 0.000000
4 1708599995 0.000000 1 0.000000 0.000000 0.000000
1 1708599996 3.000000 1 3.000000 3.000000 3.000000
2 1708599996 0.000000 1 0.000000 0.000000 0.000000
3 1708599996 0.000000 1 0.000000 0.000000 0.000000
4 1708599996 0.000000 1 0.000000 0.000000 0.000000
1 1708599997 3.000000 1 3.000000 3.000000 3.000000
2 1708599997 0.000000 1 0.000000 0.000000 0.000000
3 1708599997 0.000000 1 0.000000 0.000000 0.000000
4 1708599997 0.000000 1 0.000000 0.000000 0.000000
1 1708599998 3.000000 1 3.000000 3.000000 3.000000
2 1708599998 0.000000 1 0.000000 0.000000 0.000000
3 1708599998 0.000000 1 0.000000 0.000000 0.000000
4 1708599998 0.000000 1 0.000000 0.000000 0.000000
1 1708599999 3.000000 1 3.000000 3.000000 3.000000
2 1708599999 0.000000 1 0.000000 0.000000 0.000000
3 1708599999 0.000000 1 0.000000 0.000000 0.000000
4 1708599999 0.000000 1 0.000000 0.000000 0.000000
1 1708600000 3.000000 1 3.000000 3.000000 3.000000
2 1708600000 0.000000 1 0.000000 0.000000 0.000000
3 1708600000 0.000000 1 0.000000 0.000000 0.000000
4 1708600000 0.000000 1 0.000000 0.000000 0.000000
1 1708600001 3.000000 1 3.000000 3.000000 3.000000
2 1708600001 0.000000 1 0.000000 0.000000 0.000000
3 1708600001 0.000000 1 0.000000 0.000000 0.000000
4 1708600001 0.000000 1 0.000000 0.000000 0.000000
1 1708600002 3.000000 1 3.000000 3.000000 3.000000
2 1708600002 0.000000 1 0.000000 0.000000 0.000000
3 1708600002 0.000000 1 0.000000 0.000000 0.000000
4 1708600002 0.000000 1 0.000000 0.000000 0.000000
1 1708600003 3.000000 1 3.000000 3.000000 3.000000
2 1708600003 0.000000 1 0.000000 0.000000 0.000000
3 1708600003 0.000000 1 0.000000 0.000000 0.000000
4 1708600003 0.000000 1 0.000000 0.000000 0.000000
1 1708600004 3.000000 1 3.000000 3.000000 3.000000
2 1708600004 0.000000 1 0.000000 0.000000 0.000000
3 1708600004 0.000000 1 0.000000 0.000000 0.000000
4 1708600004 0.000000 1 0.000000 0.000000 0.000000
1 1708600005 3.000000 1 3.000000 3.000000 3.000000
2 1708600005 0.000000 1 0.000000 0.000000 0.000000
3 1708600005 0.000000 1 0.000000 0.000000 0.000000
4 1708600005 0.000000 1 0.000000 0.000000 0.000000
1 1708600006 3.000000 1 3.000000 3.000000 3.000000
2 1708600006 0.000000 1 0.000000 0.000000 0.000000
3 1708600006 0.000000 1 0.000000 0.000000 0.000000
4 1708600006 0.000000 1 0.000000 0.000000 0.000000
1 1708600007 3.000000 1 3.000000 3.000000 3.000000
2 1708600007 0.000000 1 0.000000 0.000000 0.000000
3 1708600007 0.000000 1 0.000000 0.000000 0.000000
4 1708600007 0.000000 1 0.000000 0.000000 0.000000
1 1708600008 3.000000 1 3.000000 3.000000 3.000000
2 1708600008 0.000000 1 0.000000 0.000000 0.000000
3 1708600008 0.000000 1 0.000000 0.000000 0.000000
4 1708600008 0.000000 1 0.000000 0.000000 0.000000
1 1708600009 3.000000 1 3.000000 3.000000 3.000000
2 1708600009 0.000000 1 0.000000 0.000000 0.000000
3 1708600009 0.000000 1 0.000000 0.000000 0.000000
4 1708600009 0.000000 1 0.000000 0.000000 0.000000
1 1708600010 3.000000 1 3.000000 3.000000 3.000000
2 1708600010 0.000000 1 0.000000 0.000000 0.000000
3 1708600010 0.000000 1 0.000000 0.000000 0.000000
4 1708600010 0.000000 1 0.000000 0.000000 0.000000
1 1708600011 3.000000 1 3.000000 3.000000 3.000000
2 1708600011 0.000000 1 0.000000 0.000000 0.000000
3 1708600011 0.000000 1 0.000000 0.000000 0.000000
4 1708600011 0.000000 1 0.000000 0.000000 0.000000
1 1708600012 3.000000 1 3.000000 3.000000 3.000000
2 1708600012 0.000000 1 0.000000 0.000000 0.000000
3 1708600012 0.000000 1 0.000000 0.000000 0.000000
4 1708600012 0.000000 1 0.000000 0.000000 0.000000
1 1708600013 3.000000 1 3.000000 3.000000 3.000000
2 1708600013 0.000000 1 0.000000 0.000000 0.000000
3 1708600013 0.000000 1 0.000000 0.000000 0.000000
4 1708600013 0.000000 1 0.000000 0.000000 0.000000
1 1708600014 3.000000 1 3.000000 3.000000 3.000000
2 1708600014 0.000000 1 0.000000 0.000000 0.000000
3 1708600014 0.000000 1 0.000000 0.000000 0.000000
4 1708600014 0.000000 1 0.000000 0.000000 0.000000
1 1708600015 3.000000 1 3.000000 3.000000 3.000000
2 1708600015 0.000000 1 0.000000 0.000000 0.000000
3 1708600015 0.000000 1 0.000000 0.000000 0.000000
4 1708600015 0.000000 1 0.000000 0.000000 0.000000
1 1708600016 3.000000 1 3.000000 3.000000 3.000000
2 1708600016 0.000000 1 0.000000 0.000000 0.000000
3 1708600016 0.000000 1 0.000000 0.000000 0.000000
4 1708600016 0.000000 1 0.000000 0.000000 0.000000
1 1708600018 3.000000 1 3.000000 3.000000 3.000000
2 1708600018 0.000000 1 0.000000 0.000000 0.000000
3 1708600018 0.000000 1 0.000000 0.000000 0.000000
4 1708600018 0.000000 1 0.000000 0.000000 0.000000
1 1708600019 3.000000 1 3.000000 3.000000 3.000000
2 1708600019 0.000000 1 0.000000 0.000000 0.000000
3 1708600019 0.000000 1 0.000000 0.000000 0.000000
4 1708600019 0.000000 1 0.000000 0.000000 0.000000
1 1708600020 3.000000 1 3.000000 3.000000 3.000000
2 1708600020 0.000000 1 0.000000 0.000000 0.000000
3 1708600020 0.000000 1 0.000000 0.000000 0.000000
4 1708600020 0.000000 1 0.000000 0.000000 0.000000
1 1708600021 3.000000 1 3.000000 3.000000 3.000000
2 1708600021 0.000000 1 0.000000 0.000000 0.000000
3 1708600021 0.000000 1 0.000000 0.000000 0.000000
4 1708600021 0.000000 1 0.000000 0.000000 0.000000
1 1708600022 3.000000 1 3.000000 3.000000 3.000000
2 1708600022 0.000000 1 0.000000 0.000000 0.000000
3 1708600022 0.000000 1 0.000000 0.000000 0.000000
4 1708600022 0.000000 1 0.000000 0.000000 0.000000
1 1708600023 3.000000 1 3.000000 3.000000 3.000000
2 1708600023 0.000000 1 0.000000 0.000000 0.000000
3 1708600023 0.000000 1 0.000000 0.000000 0.000000
4 1708600023 0.000000 1 0.000000 0.000000 0.000000
1 1708600024 3.000000 1 3.000000 3.000000 3.000000
2 1708600024 0.000000 1 0.000000 0.000000 0.000000
3 1708600024 0.000000 1 0.000000 0.000000 0.000000
4 1708600024 0.000000 1 0.000000 0.000000 0.000000
1 1708600025 3.000000 1 3.000000 3.000000 3.000000
2 1708600025 0.000000 1 0.000000 0.000000 0.000000
3 1708600025 0.000000 1 0.000000 0.000000 0.000000
4 1708600025 0.000000 1 0.000000 0.000000 0.000000
1 1708600026 3.000000 1 3.000000 3.000000 3.000000
2 1708600026 0.000000 1 0.000000 0.000000 0.000000
3 1708600026 0.000000 1 0.000000 0.000000 0.000000
4 1708600026 0.000000 1 0.000000 0.000000 0.000000
1 1708600027 3.000000 1 3.000000 3.000000 3.000000
2 1708600027 0.000000 1 0.000000 0.000000 0.000000
3 1708600027 0.000000 1 0.000000 0.000000 0.000000
4 1708600027 0.000000 1 0.000000 0.000000 0.000000
1 1708600028 3.000000 1 3.000000 3.000000 3.000000
2 1708600028 0.000000 1 0.000000 0.000000 0.000000
3 1708600028 0.000000 1 0.000000 0.000000 0.000000
4 1708600028 0.000000 1 0.000000 0.000000 0.000000
1 1708600029 3.000000 1 3.000000 3.000000 3.000000
2 1708600029 0.000000 1 0.000000 0.000000 0.000000
3 1708600029 0.000000 1 0.000000 0.000000 0.000000
4 1708600029 0.000000 1 0.000000 0.000000 0.000000
1 1708600030 3.000000 1 3.000000 3.000000 3.000000
2 1708600030 0.000000 1 0.000000 0.000000 0.000000
3 1708600030 0.000000 1 0.000000 0.000000 0.000000
4 1708600030 0.000000 1 0.000000 0.000000 0.000000
1 1708600031 3.000000 1 3.000000 3.000000 3.000000
2 1708600031 0.000000 1 0.000000 0.000000 0.000000
3 1708600031 0.000000 1 0.000000 0.000000 0.000000
4 1708600031 0.000000 1 0.000000 0.000000 0.000000
1 1708600032 3.000000 1 3.000000 3.000000 3.000000
2 1708600032 0.000000 1 0.000000 0.000000 0.000000
3 1708600032 0.000000 1 0.000000 0.000000 0.000000
4 1708600032 0.000000 1 0.000000 0.000000 0.000000
1 1708600033 3.000000 1 3.000000 3.000000 3.000000
2 1708600033 0.000000 1 0.000000 0.000000 0.000000
3 1708600033 0.000000 1 0.000000 0.000000 0.000000
4 1708600033 0.000000 1 0.000000 0.000000 0.000000
1 1708600034 3.000000 1 3.000000 3.000000 3.000000
2 1708600034 0.000000 1 0.000000 0.000000 0.000000
3 1708600034 0.000000 1 0.000000 0.000000 0.000000
4 1708600034 0.000000 1 0.000000 0.000000 0.000000
1 1708600035 3.000000 1 3.000000 3.000000 3.000000
2 1708600035 0.000000 1 0.000000 0.000000 0.000000
3 1708600035 0.000000 1 0.000000 0.000000 0.000000
4 1708600035 0.000000 1 0.000000 0.000000 0.000000
1 1708600036 3.000000 1 3.000000 3.000000 3.000000
2 1708600036 0.000000 1 0.000000 0.000000 0.000000
3 1708600036 0.000000 1 0.000000 0.000000 0.000000
4 1708600036 0.000000 1 0.000000 0.000000 0.000000
1 1708600037 3.000000 1 3.000000 3.000000 3.000000
2 1708600037 0.000000 1 0.000000 0.000000 0.000000
3 1708600037 0.000000 1 0.000000 0.000000 0.000000
4 1708600037 0.000000 1 0.000000 0.000000 0.000000
1 1708600038 3.000000 1 3.000000 3.000000 3.000000
2 1708600038 0.000000 1 0.000000 0.000000 0.000000
3 1708600038 0.000000 1 0.000000 0.000000 0.000000
4 1708600038 0.000000 1 0.000000 0.000000 0.000000
1 1708600039 3.000000 1 3.000000 3.000000 3.000000
2 1708600039 0.000000 1 0.000000 0.000000 0.000000
3 1708600039 0.000000 1 0.000000 0.000000 0.000000
4 1708600039 0.000000 1 0.000000 0.000000 0.000000
1 1708600040 3.000000 1 3.000000 3.000000 3.000000
2 1708600040 0.000000 1 0.000000 0.000000 0.000000
3 1708600040 0.000000 1 0.000000 0.000000 0.000000
4 1708600040 0.000000 1 0.000000 0.000000 0.000000
1 1708600041 3.000000 1 3.000000 3.000000 3.000000
2 1708600041 0.000000 1 0.000000 0.000000 0.000000
3 1708600041 0.000000 1 0.000000 0.000000 0.000000
4 1708600041 0.000000 1 0.000000 0.000000 0.000000
1 1708600042 3.000000 1 3.000000 3.000000 3.000000
2 1708600042 0.000000 1 0.000000 0.000000 0.000000
3 1708600042 0.000000 1 0.000000 0.000000 0.000000
4 1708600042 0.000000 1 0.000000 0.000000 0.000000
1 1708600043 3.000000 1 3.000000 3.000000 3.000000
2 1708600043 0.000000 1 0.000000 0.000000 0.000000
3 1708600043 0.000000 1 0.000000 0.000000 0.000000
4 1708600043 0.000000 1 0.000000 0.000000 0.000000
1 1708600044 3.000000 1 3.000000 3.000000 3.000000
2 1708600044 0.000000 1 0.000000 0.000000 0.000000
3 1708600044 0.000000 1 0.000000 0.000000 0.000000
4 1708600044 0.000000 1 0.000000 0.000000 0.000000
1 1708600045 3.000000 1 3.000000 3.000000 3.000000
2 1708600045 0.000000 1 0.000000 0.000000 0.000000
3 1708600045 0.000000 1 0.000000 0.000000 0.000000
4 1708600045 0.000000 1 0.000000 0.000000 0.000000
1 1708600046 3.000000 1 3.000000 3.000000 3.000000
2 1708600046 0.000000 1 0.000000 0.000000 0.000000
3 1708600046 0.000000 1 0.000000 0.000000 0.000000
4 1708600046 0.000000 1 0.000000 0.000000 0.000000
1 1708600047 3.000000 1 3.000000 3.000000 3.000000
2 1708600047 0.000000 1 0.000000 0.000000 0.000000
3 1708600047 0.000000 1 0.000000 0.000000 0.000000
4 1708600047 0.000000 1 0.000000 0.000000 0.000000
1 1708600048 3.000000 1 3.000000 3.000000 3.000000
2 1708600048 0.000000 1 0.000000 0.000000 0.000000
3 1708600048 0.000000 1 0.000000 0.000000 0.000000
4 1708600048 0.000000 1 0.000000 0.000000 0.000000
1 1708600049 3.000000 1 3.000000 3.000000 3.000000
2 1708600049 0.000000 1 0.000000 0.000000 0.000000
3 1708600049 0.000000 1 0.000000 0.000000 0.000000
4 1708600049 0.000000 1 0.000000 0.000000 0.000000
1 1708600050 3.000000 1 3.000000 3.000000 3.000000
2 1708600050 0.000000 1 0.000000 0.000000 0.000000
3 1708600050 0.000000 1 0.000000 0.000000 0.000000
4 1708600050 0.000000 1 0.000000 0.000000 0.000000
1 1708600051 3.000000 1 3.000000 3.000000 3.000000
2 1708600051 0.000000 1 0.000000 0.000000 0.000000
3 1708600051 0.000000 1 0.000000 0.000000 0.000000
4 1708600051 0.000000 1 0.000000 0.000000 0.000000
1 1708600052 3.000000 1 3.000000 3.000000 3.000000
2 1708600052 0.000000 1 0.000000 0.000000 0.000000
3 1708600052 0.000000 1 0.000000 0.000000 0.000000
4 1708600052 0.000000 1 0.000000 0.000000 0.000000
1 1708600053 3.000000 1 3.000000 3.000000 3.000000
2 1708600053 0.000000 1 0.000000 0.000000 0.000000
3 1708600053 0.000000 1 0.000000 0.000000 0.000000
4 1708600053 0.000000 1 0.000000 0.000000 0.000000
1 1708600054 3.000000 1 3.000000 3.000000 3.000000
2 1708600054 0.000000 1 0.000000 0.000000 0.000000
3 1708600054 0.000000 1 0.000000 0.000000 0.000000
4 1708600054 0.000000 1 0.000000 0.000000 0.000000
1 1708600055 3.000000 1 3.000000 3.000000 3.000000
2 1708600055 0.000000 1 0.000000 0.000000 0.000000
3 1708600055 0.000000 1 0.000000 0.000000 0.000000
4 1708600055 0.000000 1 0.000000 0.000000 0.000000
1 1708600056 3.000000 1 3.000000 3.000000 3.000000
2 1708600056 0.000000 1 0.000000 0.000000 0.000000
3 1708600056 0.000000 1 0.000000 0.000000 0.000000
4 1708600056 0.000000 1 0.000000 0.000000 0.000000
1 1708600057 3.000000 1 3.000000 3.000000 3.000000
2 1708600057 0.000000 1 0.000000 0.000000 0.000000
3 1708600057 0.000000 1 0.000000 0.000000 0.000000
4 1708600057 0.000000 1 0.000000 0.000000 0.000000
1 1708600058 3.000000 1 3.000000 3.000000 3.000000
2 1708600058 0.000000 1 0.000000 0.000000 0.000000
3 1708600058 0.000000 1 0.000000 0.000000 0.000000
4 1708600058 0.000000 1 0.000000 0.000000 0.000000
1 1708600059 3.000000 1 3.000000 3.000000 3.000000
2 1708600059 0.000000 1 0.000000 0.000000 0.000000
3 1708600059 0.000000 1 0.000000 0.000000 0.000000
4 1708600059 0.000000 1 0.000000 0.000000 0.000000
1 1708600060 3.000000 1 3.000000 3.000000 3.000000
2 1708600060 0.000000 1 0.000000 0.000000 0.000000
3 1708600060 0.000000 1 0.000000 0.000000 0.000000
4 1708600060 0.000000 1 0.000000 0.000000 0.000000
1 1708600061 3.000000 1 3.000000 3.000000 3.000000
2 1708600061 0.000000 1 0.000000 0.000000 0.000000
3 1708600061 0.000000 1 0.000000 0.000000 0.000000
4 1708600061 0.000000 1 0.000000 0.000000 0.000000
1 1708600062 3.000000 1 3.000000 3.000000 3.000000
2 1708600062 0.000000 1 0.000000 0.000000 0.000000
3 1708600062 0.000000 1 0.000000 0.000000 0.000000
4 1708600062 0.000000 1 0.000000 0.000000 0.000000
1 1708600063 3.000000 1 3.000000 3.000000 3.000000
2 1708600063 0.000000 1 0.000000 0.000000 0.000000
3 1708600063 0.000000 1 0.000000 0.000000 0.000000
4 1708600063 0.000000 1 0.000000 0.000000 0.000000
1 1708600064 3.000000 1 3.000000 3.000000 3.000000
2 1708600064 0.000000 1 0.000000 0.000000 0.000000
3 1708600064 0.000000 1 0.000000 0.000000 0.000000
4 1708600064 0.000000 1 0.000000 0.000000 0.000000
1 1708600065 3.000000 1 3.000000 3.000000 3.000000
2 1708600065 0.000000 1 0.000000 0.000000 0.000000
3 1708600065 0.000000 1 0.000000 0.000000 0.000000
4 1708600065 0.000000 1 0.000000 0.000000 0.000000
1 1708600066 3.000000 1 3.000000 3.000000 3.000000
2 1708600066 0.000000 1 0.000000 0.000000 0.000000
3 1708600066 0.000000 1 0.000000 0.000000 0.000000
4 1708600066 0.000000 1 0.000000 0.000000 0.000000
1 1708600067 3.000000 1 3.000000 3.000000 3.000000
2 1708600067 0.000000 1 0.000000 0.000000 0.000000
3 1708600067 0.000000 1 0.000000 0.000000 0.000000
4 1708600067 0.000000 1 0.000000 0.000000 0.000000
1 1708600068 3.000000 1 3.000000 3.000000 3.000000
2 1708600068 0.000000 1 0.000000 0.000000 0.000000
3 1708600068 0.000000 1 0.000000 0.000000 0.000000
4 1708600068 0.000000 1 0.000000 0.000000 0.000000
1 1708600069 3.000000 1 3.000000 3.000000 3.000000
2 1708600069 0.000000 1 0.000000 0.000000 0.000000
3 1708600069 0.000000 1 0.000000 0.000000 0.000000
4 1708600069 0.000000 1 0.000000 0.000000 0.000000
1 1708600070 3.000000 1 3.000000 3.000000 3.000000
2 1708600070 0.000000 1 0.000000 0.000000 0.000000
3 1708600070 0.000000 1 0.000000 0.000000 0.000000
4 1708600070 0.000000 1 0.000000 0.000000 0.000000
1 1708600071 3.000000 1 3.000000 3.000000 3.000000
2 1708600071 0.000000 1 0.000000 0.000000 0.000000
3 1708600071 0.000000 1 0.000000 0.000000 0.000000
4 1708600071 0.000000 1 0.000000 0.000000 0.000000
1 1708600072 3.000000 1 3.000000 3.000000 3.000000
2 1708600072 0.000000 1 0.000000 0.000000 0.000000
3 1708600072 0.000000 1 0.000000 0.000000 0.000000
4 1708600072 0.000000 1 0.000000 0.000000 0.000000
1 1708600073 3.000000 1 3.000000 3.000000 3.000000
2 1708600073 0.000000 1 0.000000 0.000000 0.000000
3 1708600073 0.000000 1 0.000000 0.000000 0.000000
4 1708600073 0.000000 1 0.000000 0.000000 0.000000
1 1708600074 3.000000 1 3.000000 3.000000 3.000000
2 1708600074 0.000000 1 0.000000 0.000000 0.000000
3 1708600074 0.000000 1 0.000000 0.000000 0.000000
4 1708600074 0.000000 1 0.000000 0.000000 0.000000
1 1708600075 3.000000 1 3.000000 3.000000 3.000000
2 1708600075 0.000000 1 0.000000 0.000000 0.000000
3 1708600075 0.000000 1 0.000000 0.000000 0.000000
4 1708600075 0.000000 1 0.000000 0.000000 0.000000
1 1708600076 3.000000 1 3.000000 3.000000 3.000000
2 1708600076 0.000000 1 0.000000 0.000000 0.000000
3 1708600076 0.000000 1 0.000000 0.000000 0.000000
4 1708600076 0.000000 1 0.000000 0.000000 0.000000
1 1708600077 3.000000 1 3.000000 3.000000 3.000000
2 1708600077 0.000000 1 0.000000 0.000000 0.000000
3 1708600077 0.000000 1 0.000000 0.000000 0.000000
4 1708600077 0.000000 1 0.000000 0.000000 0.000000
1 1708600078 3.000000 1 3.000000 3.000000 3.000000
2 1708600078 0.000000 1 0.000000 0.000000 0.000000
3 1708600078 0.000000 1 0.000000 0.000000 0.000000
4 1708600078 0.000000 1 0.000000 0.000000 0.000000
1 1708600079 3.000000 1 3.000000 3.000000 3.000000
2 1708600079 0.000000 1 0.000000 0.000000 0.000000
3 1708600079 0.000000 1 0.000000 0.000000 0.000000
4 1708600079 0.000000 1 0.000000 0.000000 0.000000
1 1708600080 3.000000 1 3.000000 3.000000 3.000000
2 1708600080 0.000000 1 0.000000 0.000000 0.000000
3 1708600080 0.000000 1 0.000000 0.000000 0.000000
4 1708600080 0.000000 1 0.000000 0.000000 0.000000
1 1708600081 3.000000 1 3.000000 3.000000 3.000000
2 1708600081 0.000000 1 0.000000 0.000000 0.000000
3 1708600081 0.000000 1 0.000000 0.000000 0.000000
4 1708600081 0.000000 1 0.000000 0.000000 0.000000
1 1708600082 3.000000 1 3.000000 3.000000 3.000000
2 1708600082 0.000000 1 0.000000 0.000000 0.000000
3 1708600082 0.000000 1 0.000000 0.000000 0.000000
4 1708600082 0.000000 1 0.000000 0.000000 0.000000
1 1708600084 3.000000 1 3.000000 3.000000 3.000000
2 1708600084 0.000000 1 0.000000 0.000000 0.000000
3 1708600084 0.000000 1 0.000000 0.000000 0.000000
4 1708600084 0.000000 1 0.000000 0.000000 0.000000
1 1708600085 3.000000 1 3.000000 3.000000 3.000000
2 1708600085 0.000000 1 0.000000 0.000000 0.000000
3 1708600085 0.000000 1 0.000000 0.000000 0.000000
4 1708600085 0.000000 1 0.000000 0.000000 0.000000
1 1708600086 3.000000 1 3.000000 3.000000 3.000000
2 1708600086 0.000000 1 0.000000 0.000000 0.000000
3 1708600086 0.000000 1 0.000000 0.000000 0.000000
4 1708600086 0.000000 1 0.000000 0.000000 0.000000
1 1708600087 3.000000 1 3.000000 3.000000 3.000000
2 1708600087 0.000000 1 0.000000 0.000000 0.000000
3 1708600087 0.000000 1 0.000000 0.000000 0.000000
4 1708600087 0.000000 1 0.000000 0.000000 0.000000
1 1708600088 3.000000 1 3.000000 3.000000 3.000000
2 1708600088 0.000000 1 0.000000 0.000000 0.000000
3 1708600088 0.000000 1 0.000000 0.000000 0.000000
4 1708600088 0.000000 1 0.000000 0.000000 0.000000
1 1708600089 3.000000 1 3.000000 3.000000 3.000000
2 1708600089 0.000000 1 0.000000 0.000000 0.000000
3 1708600089 0.000000 1 0.000000 0.000000 0.000000
4 1708600089 0.000000 1 0.000000 0.000000 0.000000
1 1708600090 3.000000 1 3.000000 3.000000 3.000000
2 1708600090 0.000000 1 0.000000 0.000000 0.000000
3 1708600090 0.000000 1 0.000000 0.000000 0.000000
4 1708600090 0.000000 1 0.000000 0.000000 0.000000
1 1708600091 3.000000 1 3.000000 3.000000 3.000000
2 1708600091 0.000000 1 0.000000 0.000000 0.000000
3 1708600091 0.000000 1 0.000000 0.000000 0.000000
4 1708600091 0.000000 1 0.000000 0.000000 0.000000
1 1708600092 3.000000 1 3.000000 3.000000 3.000000
2 1708600092 0.000000 1 0.000000 0.000000 0.000000
3 1708600092 0.000000 1 0.000000 0.000000 0.000000
4 1708600092 0.000000 1 0.000000 0.000000 0.000000
1 1708600093 3.000000 1 3.000000 3.000000 3.000000
2 1708600093 0.000000 1 0.000000 0.000000 0.000000
3 1708600093 0.000000 1 0.000000 0.000000 0.000000
4 1708600093 0.000000 1 0.000000 0.000000 0.000000
1 1708600094 3.000000 1 3.000000 3.000000 3.000000
2 1708600094 0.000000 1 0.000000 0.000000 0.000000
3 1708600094 0.000000 1 0.000000 0.000000 0.000000
4 1708600094 0.000000 1 0.000000 0.000000 0.000000
1 1708600095 3.000000 1 3.000000 3.000000 3.000000
2 1708600095 0.000000 1 0.000000 0.000000 0.000000
3 1708600095 0.000000 1 0.000000 0.000000 0.000000
4 1708600095 0.000000 1 0.000000 0.000000 0.000000
1 1708600096 3.000000 1 3.000000 3.000000 3.000000
2 1708600096 0.000000 1 0.000000 0.000000 0.000000
3 1708600096 0.000000 1 0.000000 0.000000 0.000000
4 1708600096 0.000000 1 0.000000 0.000000 0.000000
1 1708600097 3.000000 1 3.000000 3.000000 3.000000
2 1708600097 0.000000 1 0.000000 0.000000 0.000000
3 1708600097 0.000000 1 0.000000 0.000000 0.000000
4 1708600097 0.000000 1 0.000000 0.000000 0.000000
1 1708600098 3.000000 1 3.000000 3.000000 3.000000
2 1708600098 0.000000 1 0.000000 0.000000 0.000000
3 1708600098 0.000000 1 0.000000 0.000000 0.000000
4 1708600098 0.000000 1 0.000000 0.000000 0.000000
1 1708600099 3.000000 1 3.000000 3.000000 3.000000
2 1708600099 0.000000 1 0.000000 0.000000 0.000000
3 1708600099 0.000000 1 0.000000 0.000000 0.000000
4 1708600099 0.000000 1 0.000000 0.000000 0.000000
1 1708600100 3.000000 1 3.000000 3.000000 3.000000
2 1708600100 0.000000 1 0.000000 0.000000 0.000000
3 1708600100 0.000000 1 0.000000 0.000000 0.000000
4 1708600100 0.000000 1 0.000000 0.000000 0.000000
1 1708600101 3.000000 1 3.000000 3.000000 3.000000
2 1708600101 0.000000 1 0.000000 0.000000 0.000000
3 1708600101 0.000000 1 0.000000 0.000000 0.000000
4 1708600101 0.000000 1 0.000000 0.000000 0.000000
1 1708600102 3.000000 1 3.000000 3.000000 3.000000
2 1708600102 0.000000 1 0.000000 0.000000 0.000000
3 1708600102 0.000000 1 0.000000 0.000000 0.000000
4 1708600102 0.000000 1 0.000000 0.000000 0.000000
1 1708600103 3.000000 1 3.000000 3.000000 3.000000
2 1708600103 0.000000 1 0.000000 0.000000 0.000000
3 1708600103 0.000000 1 0.000000 0.000000 0.000000
4 1708600103 0.000000 1 0.000000 0.000000 0.000000
1 1708600104 3.000000 1 3.000000 3.000000 3.000000
2 1708600104 0.000000 1 0.000000 0.000000 0.000000
3 1708600104 0.000000 1 0.000000 0.000000 0.000000
4 1708600104 0.000000 1 0.000000 0.000000 0.000000
1 1708600105 3.000000 1 3.000000 3.000000 3.000000
2 1708600105 0.000000 1 0.000000 0.000000 0.000000
3 1708600105 0.000000 1 0.000000 0.000000 0.000000
4 1708600105 0.000000 1 0.000000 0.000000 0.000000
1 1708600106 3.000000 1 3.000000 3.000000 3.000000
2 1708600106 0.000000 1 0.000000 0.000000 0.000000
3 1708600106 0.000000 1 0.000000 0.000000 0.000000
4 1708600106 0.000000 1 0.000000 0.000000 0.000000
1 1708600107 3.000000 1 3.000000 3.000000 3.000000
2 1708600107 0.000000 1 0.000000 0.000000 0.000000
3 1708600107 0.000000 1 0.000000 0.000000 0.000000
4 1708600107 0.000000 1 0.000000 0.000000 0.000000
1 1708600108 3.000000 1 3.000000 3.000000 3.000000
2 1708600108 0.000000 1 0.000000 0.000000 0.000000
3 1708600108 0.000000 1 0.000000 0.000000 0.000000
4 1708600108 0.000000 1 0.000000 0.000000 0.000000
1 1708600109 3.000000 1 3.000000 3.000000 3.000000
2 1708600109 0.000000 1 0.000000 0.000000 0.000000
3 1708600109 0.000000 1 0.000000 0.000000 0.000000
4 1708600109 0.000000 1 0.000000 0.000000 0.000000
1 1708600110 3.000000 1 3.000000 3.000000 3.000000
2 1708600110 0.000000 1 0.000000 0.000000 0.000000
3 1708600110 0.000000 1 0.000000 0.000000 0.000000
4 1708600110 0.000000 1 0.000000 0.000000 0.000000
1 1708600111 3.000000 1 3.000000 3.000000 3.000000
2 1708600111 0.000000 1 0.000000 0.000000 0.000000
3 1708600111 0.000000 1 0.000000 0.000000 0.000000
4 1708600111 0.000000 1 0.000000 0.000000 0.000000
1 1708600112 3.000000 1 3.000000 3.000000 3.000000
2 1708600112 0.000000 1 0.000000 0.000000 0.000000
3 1708600112 0.000000 1 0.000000 0.000000 0.000000
4 1708600112 0.000000 1 0.000000 0.000000 0.000000
1 1708600113 3.000000 1 3.000000 3.000000 3.000000
2 1708600113 0.000000 1 0.000000 0.000000 0.000000
3 1708600113 0.000000 1 0.000000 0.000000 0.000000
4 1708600113 0.000000 1 0.000000 0.000000 0.000000
1 1708600114 3.000000 1 3.000000 3.000000 3.000000
2 1708600114 0.000000 1 0.000000 0.000000 0.000000
3 1708600114 0.000000 1 0.000000 0.000000 0.000000
4 1708600114 0.000000 1 0.000000 0.000000 0.000000
1 1708600115 3.000000 1 3.000000 3.000000 3.000000
2 1708600115 0.000000 1 0.000000 0.000000 0.000000
3 1708600115 0.000000 1 0.000000 0.000000 0.000000
4 1708600115 0.000000 1 0.000000 0.000000 0.000000
1 1708600116 3.000000 1 3.000000 3.000000 3.000000
2 1708600116 0.000000 1 0.000000 0.000000 0.000000
3 1708600116 0.000000 1 0.000000 0.000000 0.000000
4 1708600116 0.000000 1 0.000000 0.000000 0.000000
1 1708600117 3.000000 1 3.000000 3.000000 3.000000
2 1708600117 0.000000 1 0.000000 0.000000 0.000000
3 1708600117 0.000000 1 0.000000 0.000000 0.000000
4 1708600117 0.000000 1 0.000000 0.000000 0.000000
1 1708600118 3.000000 1 3.000000 3.000000 3.000000
2 1708600118 0.000000 1 0.000000 0.000000 0.000000
3 1708600118 0.000000 1 0.000000 0.000000 0.000000
4 1708600118 0.000000 1 0.000000 0.000000 0.000000
1 1708600119 3.000000 1 3.000000 3.000000 3.000000
2 1708600119 0.000000 1 0.000000 0.000000 0.000000
3 1708600119 0.000000 1 0.000000 0.000000 0.000000
4 1708600119 0.000000 1 0.000000 0.000000 0.000000
1 1708600120 3.000000 1 3.000000 3.000000 3.000000
2 1708600120 0.000000 1 0.000000 0.000000 0.000000
3 1708600120 0.000000 1 0.000000 0.000000 0.000000
4 1708600120 0.000000 1 0.000000 0.000000 0.000000
1 1708600121 3.000000 1 3.000000 3.000000 3.000000
2 1708600121 0.000000 1 0.000000 0.000000 0.000000
3 1708600121 0.000000 1 0.000000 0.000000 0.000000
4 1708600121 0.000000 1 0.000000 0.000000 0.000000
1 1708600122 3.000000 1 3.000000 3.000000 3.000000
2 1708600122 0.000000 1 0.000000 0.000000 0.000000
3 1708600122 0.000000 1 0.000000 0.000000 0.000000
4 1708600122 0.000000 1 0.000000 0.000000 0.000000
1 1708600123 3.000000 1 3.000000 3.000000 3.000000
2 1708600123 0.000000 1 0.000000 0.000000 0.000000
3 1708600123 0.000000 1 0.000000 0.000000 0.000000
4 1708600123 0.000000 1 0.000000 0.000000 0.000000
1 1708600124 3.000000 1 3.000000 3.000000 3.000000
2 1708600124 0.000000 1 0.000000 0.000000 0.000000
3 1708600124 0.000000 1 0.000000 0.000000 0.000000
4 1708600124 0.000000 1 0.000000 0.000000 0.000000
1 1708600125 3.000000 1 3.000000 3.000000 3.000000
2 1708600125 0.000000 1 0.000000 0.000000 0.000000
3 1708600125 0.000000 1 0.000000 0.000000 0.000000
4 1708600125 0.000000 1 0.000000 0.000000 0.000000
1 1708600126 3.000000 1 3.000000 3.000000 3.000000
2 1708600126 0.000000 1 0.000000 0.000000 0.000000
3 1708600126 0.000000 1 0.000000 0.000000 0.000000
4 1708600126 0.000000 1 0.000000 0.000000 0.000000
1 1708600127 3.000000 1 3.000000 3.000000 3.000000
2 1708600127 0.000000 1 0.000000 0.000000 0.000000
3 1708600127 0.000000 1 0.000000 0.000000 0.000000
4 1708600127 0.000000 1 0.000000 0.000000 0.000000
1 1708600128 3.000000 1 3.000000 3.000000 3.000000
2 1708600128 0.000000 1 0.000000 0.000000 0.000000
3 1708600128 0.000000 1 0.000000 0.000000 0.000000
4 1708600128 0.000000 1 0.000000 0.000000 0.000000
1 1708600129 3.000000 1 3.000000 3.000000 3.000000
2 1708600129 0.000000 1 0.000000 0.000000 0.000000
3 1708600129 0.000000 1 0.000000 0.000000 0.000000
4 1708600129 0.000000 1 0.000000 0.000000 0.000000
1 1708600130 3.000000 1 3.000000 3.000000 3.000000
2 1708600130 0.000000 1 0.000000 0.000000 0.000000
3 1708600130 0.000000 1 0.000000 0.000000 0.000000
4 1708600130 0.000000 1 0.000000 0.000000 0.000000
1 1708600131 3.000000 1 3.000000 3.000000 3.000000
2 1708600131 0.000000 1 0.000000 0.000000 0.000000
3 1708600131 0.000000 1 0.000000 0.000000 0.000000
4 1708600131 0.000000 1 0.000000 0.000000 0.000000
1 1708600132 3.000000 1 3.000000 3.000000 3.000000
2 1708600132 0.000000 1 0.000000 0.000000 0.000000
3 1708600132 0.000000 1 0.000000 0.000000 0.000000
4 1708600132 0.000000 1 0.000000 0.000000 0.000000
1 1708600133 3.000000 1 3.000000 3.000000 3.000000
2 1708600133 0.000000 1 0.000000 0.000000 0.000000
3 1708600133 0.000000 1 0.000000 0.000000 0.000000
4 1708600133 0.000000 1 0.000000 0.000000 0.000000
1 1708600134 3.000000 1 3.000000 3.000000 3.000000
2 1708600134 0.000000 1 0.000000 0.000000 0.000000
3 1708600134 0.000000 1 0.000000 0.000000 0.000000
4 1708600134 0.000000 1 0.000000 0.000000 0.000000
1 1708600135 3.000000 1 3.000000 3.000000 3.000000
2 1708600135 0.000000 1 0.000000 0.000000 0.000000
3 1708600135 0.000000 1 0.000000 0.000000 0.000000
4 1708600135 0.000000 1 0.000000 0.000000 0.000000
1 1708600136 3.000000 1 3.000000 3.000000 3.000000
2 1708600136 0.000000 1 0.000000 0.000000 0.000000
3 1708600136 0.000000 1 0.000000 0.000000 0.000000
4 1708600136 0.000000 1 0.000000 0.000000 0.000000
1 1708600137 3.000000 1 3.000000 3.000000 3.000000
2 1708600137 0.000000 1 0.000000 0.000000 0.000000
3 1708600137 0.000000 1 0.000000 0.000000 0.000000
4 1708600137 0.000000 1 0.000000 0.000000 0.000000
1 1708600138 3.000000 1 3.000000 3.000000 3.000000
2 1708600138 0.000000 1 0.000000 0.000000 0.000000
3 1708600138 0.000000 1 0.000000 0.000000 0.000000
4 1708600138 0.000000 1 0.000000 0.000000 0.000000
1 1708600139 3.000000 1 3.000000 3.000000 3.000000
2 1708600139 0.000000 1 0.000000 0.000000 0.000000
3 1708600139 0.000000 1 0.000000 0.000000 0.000000
4 1708600139 0.000000 1 0.000000 0.000000 0.000000
1 1708600140 3.000000 1 3.000000 3.000000 3.000000
2 1708600140 0.000000 1 0.000000 0.000000 0.000000
3 1708600140 0.000000 1 0.000000 0.000000 0.000000
4 1708600140 0.000000 1 0.000000 0.000000 0.000000
1 1708600141 3.000000 1 3.000000 3.000000 3.000000
2 1708600141 0.000000 1 0.000000 0.000000 0.000000
3 1708600141 0.000000 1 0.000000 0.000000 0.000000
4 1708600141 0.000000 1 0.000000 0.000000 0.000000
1 1708600142 3.000000 1 3.000000 3.000000 3.000000
2 1708600142 0.000000 1 0.000000 0.000000 0.000000
3 1708600142 0.000000 1 0.000000 0.000000 0.000000
4 1708600142 0.000000 1 0.000000 0.000000 0.000000
1 1708600143 3.000000 1 3.000000 3.000000 3.000000
2 1708600143 0.000000 1 0.000000 0.000000 0.000000
3 1708600143 0.000000 1 0.000000 0.000000 0.000000
4 1708600143 0.000000 1 0.000000 0.000000 0.000000
1 1708600144 3.000000 1 3.000000 3.000000 3.000000
2 1708600144 0.000000 1 0.000000 0.000000 0.000000
3 1708600144 0.000000 1 0.000000 0.000000 0.000000
4 1708600144 0.000000 1 0.000000 0.000000 0.000000
1 1708600145 3.000000 1 3.000000 3.000000 3.000000
2 1708600145 0.000000 1 0.000000 0.000000 0.000000
3 1708600145 0.000000 1 0.000000 0.000000 0.000000
4 1708600145 0.000000 1 0.000000 0.000000 0.000000
1 1708600146 3.000000 1 3.000000 3.000000 3.000000
2 1708600146 0.000000 1 0.000000 0.000000 0.000000
3 1708600146 0.000000 1 0.000000 0.000000 0.000000
4 1708600146 0.000000 1 0.000000 0.000000 0.000000
1 1708600148 3.000000 1 3.000000 3.000000 3.000000
2 1708600148 0.000000 1 0.000000 0.000000 0.000000
3 1708600148 0.000000 1 0.000000 0.000000 0.000000
4 1708600148 0.000000 1 0.000000 0.000000 0.000000
1 1708600149 3.000000 1 3.000000 3.000000 3.000000
2 1708600149 0.000000 1 0.000000 0.000000 0.000000
3 1708600149 0.000000 1 0.000000 0.000000 0.000000
4 1708600149 0.000000 1 0.000000 0.000000 0.000000
1 1708600150 3.000000 1 3.000000 3.000000 3.000000
2 1708600150 0.000000 1 0.000000 0.000000 0.000000
3 1708600150 0.000000 1 0.000000 0.000000 0.000000
4 1708600150 0.000000 1 0.000000 0.000000 0.000000
1 1708600151 3.000000 1 3.000000 3.000000 3.000000
2 1708600151 0.000000 1 0.000000 0.000000 0.000000
3 1708600151 0.000000 1 0.000000 0.000000 0.000000
4 1708600151 0.000000 1 0.000000 0.000000 0.000000
1 1708600152 3.000000 1 3.000000 3.000000 3.000000
2 1708600152 0.000000 1 0.000000 0.000000 0.000000
3 1708600152 0.000000 1 0.000000 0.000000 0.000000
4 1708600152 0.000000 1 0.000000 0.000000 0.000000
1 1708600153 3.000000 1 3.000000 3.000000 3.000000
2 1708600153 0.000000 1 0.000000 0.000000 0.000000
3 1708600153 0.000000 1 0.000000 0.000000 0.000000
4 1708600153 0.000000 1 0.000000 0.000000 0.000000
1 1708600154 3.000000 1 3.000000 3.000000 3.000000
2 1708600154 0.000000 1 0.000000 0.000000 0.000000
3 1708600154 0.000000 1 0.000000 0.000000 0.000000
4 1708600154 0.000000 1 0.000000 0.000000 0.000000
1 1708600155 3.000000 1 3.000000 3.000000 3.000000
2 1708600155 0.000000 1 0.000000 0.000000 0.000000
3 1708600155 0.000000 1 0.000000 0.000000 0.000000
4 1708600155 0.000000 1 0.000000 0.000000 0.000000
1 1708600156 3.000000 1 3.000000 3.000000 3.000000
2 1708600156 0.000000 1 0.000000 0.000000 0.000000
3 1708600156 0.000000 1 0.000000 0.000000 0.000000
4 1708600156 0.000000 1 0.000000 0.000000 0.000000
1 1708600157 3.000000 1 3.000000 3.000000 3.000000
2 1708600157 0.000000 1 0.000000 0.000000 0.000000
3 1708600157 0.000000 1 0.000000 0.000000 0.000000
4 1708600157 0.000000 1 0.000000 0.000000 0.000000
1 1708600158 3.000000 1 3.000000 3.000000 3.000000
2 1708600158 0.000000 1 0.000000 0.000000 0.000000
3 1708600158 0.000000 1 0.000000 0.000000 0.000000
4 1708600158 0.000000 1 0.000000 0.000000 0.000000
1 1708600159 3.000000 1 3.000000 3.000000 3.000000
2 1708600159 0.000000 1 0.000000 0.000000 0.000000
3 1708600159 0.000000 1 0.000000 0.000000 0.000000
4 1708600159 0.000000 1 0.000000 0.000000 0.000000
1 1708600160 3.000000 1 3.000000 3.000000 3.000000
2 1708600160 0.000000 1 0.000000 0.000000 0.000000
3 1708600160 0.000000 1 0.000000 0.000000 0.000000
4 1708600160 0.000000 1 0.000000 0.000000 0.000000
1 1708600161 3.000000 1 3.000000 3.000000 3.000000
2 1708600161 0.000000 1 0.000000 0.000000 0.000000
3 1708600161 0.000000 1 0.000000 0.000000 0.000000
4 1708600161 0.000000 1 0.000000 0.000000 0.000000
1 1708600162 3.000000 1 3.000000 3.000000 3.000000
2 1708600162 0.000000 1 0.000000 0.000000 0.000000
3 1708600162 0.000000 1 0.000000 0.000000 0.000000
4 1708600162 0.000000 1 0.000000 0.000000 0.000000
1 1708600163 3.000000 1 3.000000 3.000000 3.000000
2 1708600163 0.000000 1 0.000000 0.000000 0.000000
3 1708600163 0.000000 1 0.000000 0.000000 0.000000
4 1708600163 0.000000 1 0.000000 0.000000 0.000000
1 1708600164 3.000000 1 3.000000 3.000000 3.000000
2 1708600164 0.000000 1 0.000000 0.000000 0.000000
3 1708600164 0.000000 1 0.000000 0.000000 0.000000
4 1708600164 0.000000 1 0.000000 0.000000 0.000000
1 1708600165 3.000000 1 3.000000 3.000000 3.000000
2 1708600165 0.000000 1 0.000000 0.000000 0.000000
3 1708600165 0.000000 1 0.000000 0.000000 0.000000
4 1708600165 0.000000 1 0.000000 0.000000 0.000000
1 1708600166 3.000000 1 3.000000 3.000000 3.000000
2 1708600166 0.000000 1 0.000000 0.000000 0.000000
3 1708600166 0.000000 1 0.000000 0.000000 0.000000
4 1708600166 0.000000 1 0.000000 0.000000 0.000000
1 1708600167 3.000000 1 3.000000 3.000000 3.000000
2 1708600167 0.000000 1 0.000000 0.000000 0.000000
3 1708600167 0.000000 1 0.000000 0.000000 0.000000
4 1708600167 0.000000 1 0.000000 0.000000 0.000000
1 1708600168 3.000000 1 3.000000 3.000000 3.000000
2 1708600168 0.000000 1 0.000000 0.000000 0.000000
3 1708600168 0.000000 1 0.000000 0.000000 0.000000
4 1708600168 0.000000 1 0.000000 0.000000 0.000000
1 1708600169 3.000000 1 3.000000 3.000000 3.000000
2 1708600169 0.000000 1 0.000000 0.000000 0.000000
3 1708600169 0.000000 1 0.000000 0.000000 0.000000
4 1708600169 0.000000 1 0.000000 0.000000 0.000000
1 1708600170 3.000000 1 3.000000 3.000000 3.000000
2 1708600170 0.000000 1 0.000000 0.000000 0.000000
3 1708600170 0.000000 1 0.000000 0.000000 0.000000
4 1708600170 0.000000 1 0.000000 0.000000 0.000000
1 1708600171 3.000000 1 3.000000 3.000000 3.000000
2 1708600171 0.000000 1 0.000000 0.000000 0.000000
3 1708600171 0.000000 1 0.000000 0.000000 0.000000
4 1708600171 0.000000 1 0.000000 0.000000 0.000000
1 1708600172 3.000000 1 3.000000 3.000000 3.000000
2 1708600172 0.000000 1 0.000000 0.000000 0.000000
3 1708600172 0.000000 1 0.000000 0.000000 0.000000
4 1708600172 0.000000 1 0.000000 0.000000 0.000000
1 1708600173 3.000000 1 3.000000 3.000000 3.000000
2 1708600173 0.000000 1 0.000000 0.000000 0.000000
3 1708600173 0.000000 1 0.000000 0.000000 0.000000
4 1708600173 0.000000 1 0.000000 0.000000 0.000000
1 1708600174 3.000000 1 3.000000 3.000000 3.000000
2 1708600174 0.000000 1 0.000000 0.000000 0.000000
3 1708600174 0.000000 1 0.000000 0.000000 0.000000
4 1708600174 0.000000 1 0.000000 0.000000 0.000000
1 1708600175 3.000000 1 3.000000 3.000000 3.000000
2 1708600175 0.000000 1 0.000000 0.000000 0.000000
3 1708600175 0.000000 1 0.000000 0.000000 0.000000
4 1708600175 0.000000 1 0.000000 0.000000 0.000000
1 1708600176 3.000000 1 3.000000 3.000000 3.000000
2 1708600176 0.000000 1 0.000000 0.000000 0.000000
3 1708600176 0.000000 1 0.000000 0.000000 0.000000
4 1708600176 0.000000 1 0.000000 0.000000 0.000000
1 1708600177 3.000000 1 3.000000 3.000000 3.000000
2 1708600177 0.000000 1 0.000000 0.000000 0.000000
3 1708600177 0.000000 1 0.000000 0.000000 0.000000
4 1708600177 0.000000 1 0.000000 0.000000 0.000000
1 1708600178 3.000000 1 3.000000 3.000000 3.000000
2 1708600178 0.000000 1 0.000000 0.000000 0.000000
3 1708600178 0.000000 1 0.000000 0.000000 0.000000
4 1708600178 0.000000 1 0.000000 0.000000 0.000000
1 1708600179 3.000000 1 3.000000 3.000000 3.000000
2 1708600179 0.000000 1 0.000000 0.000000 0.000000
3 1708600179 0.000000 1 0.000000 0.000000 0.000000
4 1708600179 0.000000 1 0.000000 0.000000 0.000000
1 1708600180 3.000000 1 3.000000 3.000000 3.000000
2 1708600180 0.000000 1 0.000000 0.000000 0.000000
3 1708600180 0.000000 1 0.000000 0.000000 0.000000
4 1708600180 0.000000 1 0.000000 0.000000 0.000000
1 1708600181 3.000000 1 3.000000 3.000000 3.000000
2 1708600181 0.000000 1 0.000000 0.000000 0.000000
3 1708600181 0.000000 1 0.000000 0.000000 0.000000
4 1708600181 0.000000 1 0.000000 0.000000 0.000000
1 1708600182 3.000000 1 3.000000 3.000000 3.000000
2 1708600182 0.000000 1 0.000000 0.000000 0.000000
3 1708600182 0.000000 1 0.000000 0.000000 0.000000
4 1708600182 0.000000 1 0.000000 0.000000 0.000000
1 1708600183 3.000000 1 3.000000 3.000000 3.000000
2 1708600183 0.000000 1 0.000000 0.000000 0.000000
3 1708600183 0.000000 1 0.000000 0.000000 0.000000
4 1708600183 0.000000 1 0.000000 0.000000 0.000000
1 1708600184 3.000000 1 3.000000 3.000000 3.000000
2 1708600184 0.000000 1 0.000000 0.000000 0.000000
3 1708600184 0.000000 1 0.000000 0.000000 0.000000
4 1708600184 0.000000 1 0.000000 0.000000 0.000000
1 1708600185 3.000000 1 3.000000 3.000000 3.000000
2 1708600185 0.000000 1 0.000000 0.000000 0.000000
3 1708600185 0.000000 1 0.000000 0.000000 0.000000
4 1708600185 0.000000 1 0.000000 0.000000 0.000000
1 1708600186 3.000000 1 3.000000 3.000000 3.000000
2 1708600186 0.000000 1 0.000000 0.000000 0.000000
3 1708600186 0.000000 1 0.000000 0.000000 0.000000
4 1708600186 0.000000 1 0.000000 0.000000 0.000000
1 1708600187 3.000000 1 3.000000 3.000000 3.000000
2 1708600187 0.000000 1 0.000000 0.000000 0.000000
3 1708600187 0.000000 1 0.000000 0.000000 0.000000
4 1708600187 0.000000 1 0.000000 0.000000 0.000000
1 1708600188 3.000000 1 3.000000 3.000000 3.000000
2 1708600188 0.000000 1 0.000000 0.000000 0.000000
3 1708600188 0.000000 1 0.000000 0.000000 0.000000
4 1708600188 0.000000 1 0.000000 0.000000 0.000000
1 1708600189 3.000000 1 3.000000 3.000000 3.000000
2 1708600189 0.000000 1 0.000000 0.000000 0.000000
3 1708600189 0.000000 1 0.000000 0.000000 0.000000
4 1708600189 0.000000 1 0.000000 0.000000 0.000000
1 1708600190 3.000000 1 3.000000 3.000000 3.000000
2 1708600190 0.000000 1 0.000000 0.000000 0.000000
3 1708600190 0.000000 1 0.000000 0.000000 0.000000
4 1708600190 0.000000 1 0.000000 0.000000 0.000000
1 1708600191 3.000000 1 3.000000 3.000000 3.000000
2 1708600191 0.000000 1 0.000000 0.000000 0.000000
3 1708600191 0.000000 1 0.000000 0.000000 0.000000
4 1708600191 0.000000 1 0.000000 0.000000 0.000000
1 1708600192 3.000000 1 3.000000 3.000000 3.000000
2 1708600192 0.000000 1 0.000000 0.000000 0.000000
3 1708600192 0.000000 1 0.000000 0.000000 0.000000
4 1708600192 0.000000 1 0.000000 0.000000 0.000000
1 1708600193 3.000000 1 3.000000 3.000000 3.000000
2 1708600193 0.000000 1 0.000000 0.000000 0.000000
3 1708600193 0.000000 1 0.000000 0.000000 0.000000
4 1708600193 0.000000 1 0.000000 0.000000 0.000000
1 1708600194 3.000000 1 3.000000 3.000000 3.000000
2 1708600194 0.000000 1 0.000000 0.000000 0.000000
3 1708600194 0.000000 1 0.000000 0.000000 0.000000
4 1708600194 0.000000 1 0.000000 0.000000 0.000000
1 1708600195 3.000000 1 3.000000 3.000000 3.000000
2 1708600195 0.000000 1 0.000000 0.000000 0.000000
3 1708600195 0.000000 1 0.000000 0.000000 0.000000
4 1708600195 0.000000 1 0.000000 0.000000 0.000000
1 1708600196 3.000000 1 3.000000 3.000000 3.000000
2 1708600196 0.000000 1 0.000000 0.000000 0.000000
3 1708600196 0.000000 1 0.000000 0.000000 0.000000
4 1708600196 0.000000 1 0.000000 0.000000 0.000000
1 1708600197 3.000000 1 3.000000 3.000000 3.000000
2 1708600197 0.000000 1 0.000000 0.000000 0.000000
3 1708600197 0.000000 1 0.000000 0.000000 0.000000
4 1708600197 0.000000 1 0.000000 0.000000 0.000000
1 1708600198 3.000000 1 3.000000 3.000000 3.000000
2 1708600198 0.000000 1 0.000000 0.000000 0.000000
3 1708600198 0.000000 1 0.000000 0.000000 0.000000
4 1708600198 0.000000 1 0.000000 0.000000 0.000000
1 1708600199 3.000000 1 3.000000 3.000000 3.000000
2 1708600199 0.000000 1 0.000000 0.000000 0.000000
3 1708600199 0.000000 1 0.000000 0.000000 0.000000
4 1708600199 0.000000 1 0.000000 0.000000 0.000000
1 1708600200 3.000000 1 3.000000 3.000000 3.000000
2 1708600200 0.000000 1 0.000000 0.000000 0.000000
3 1708600200 0.000000 1 0.000000 0.000000 0.000000
4 1708600200 0.000000 1 0.000000 0.000000 0.000000
1 1708600201 3.000000 1 3.000000 3.000000 3.000000
2 1708600201 0.000000 1 0.000000 0.000000 0.000000
3 1708600201 0.000000 1 0.000000 0.000000 0.000000
4 1708600201 0.000000 1 0.000000 0.000000 0.000000
1 1708600202 3.000000 1 3.000000 3.000000 3.000000
2 1708600202 0.000000 1 0.000000 0.000000 0.000000
3 1708600202 0.000000 1 0.000000 0.000000 0.000000
4 1708600202 0.000000 1 0.000000 0.000000 0.000000
1 1708600203 3.000000 1 3.000000 3.000000 3.000000
2 1708600203 0.000000 1 0.000000 0.000000 0.000000
3 1708600203 0.000000 1 0.000000 0.000000 0.000000
4 1708600203 0.000000 1 0.000000 0.000000 0.000000
1 1708600204 3.000000 1 3.000000 3.000000 3.000000
2 1708600204 0.000000 1 0.000000 0.000000 0.000000
3 1708600204 0.000000 1 0.000000 0.000000 0.000000
4 1708600204 0.000000 1 0.000000 0.000000 0.000000
1 1708600205 3.000000 1 3.000000 3.000000 3.000000
2 1708600205 0.000000 1 0.000000 0.000000 0.000000
3 1708600205 0.000000 1 0.000000 0.000000 0.000000
4 1708600205 0.000000 1 0.000000 0.000000 0.000000
1 1708600206 3.000000 1 3.000000 3.000000 3.000000
2 1708600206 0.000000 1 0.000000 0.000000 0.000000
3 1708600206 0.000000 1 0.000000 0.000000 0.000000
4 1708600206 0.000000 1 0.000000 0.000000 0.000000
1 1708600207 3.000000 1 3.000000 3.000000 3.000000
2 1708600207 0.000000 1 0.000000 0.000000 0.000000
3 1708600207 0.000000 1 0.000000 0.000000 0.000000
4 1708600207 0.000000 1 0.000000 0.000000 0.000000
1 1708600208 3.000000 1 3.000000 3.000000 3.000000
2 1708600208 0.000000 1 0.000000 0.000000 0.000000
3 1708600208 0.000000 1 0.000000 0.000000 0.000000
4 1708600208 0.000000 1 0.000000 0.000000 0.000000
1 1708600209 3.000000 1 3.000000 3.000000 3.000000
2 1708600209 0.000000 1 0.000000 0.000000 0.000000
3 1708600209 0.000000 1 0.000000 0.000000 0.000000
4 1708600209 0.000000 1 0.000000 0.000000 0.000000
1 1708600210 3.000000 1 3.000000 3.000000 3.000000
2 1708600210 0.000000 1 0.000000 0.000000 0.000000
3 1708600210 0.000000 1 0.000000 0.000000 0.000000
4 1708600210 0.000000 1 0.000000 0.000000 0.000000
1 1708600211 3.000000 1 3.000000 3.000000 3.000000
2 1708600211 0.000000 1 0.000000 0.000000 0.000000
3 1708600211 0.000000 1 0.000000 0.000000 0.000000
4 1708600211 0.000000 1 0.000000 0.000000 0.000000
1 1708600213 3.000000 1 3.000000 3.000000 3.000000
2 1708600213 0.000000 1 0.000000 0.000000 0.000000
3 1708600213 0.000000 1 0.000000 0.000000 0.000000
4 1708600213 0.000000 1 0.000000 0.000000 0.000000
1 1708600214 3.000000 1 3.000000 3.000000 3.000000
2 1708600214 0.000000 1 0.000000 0.000000 0.000000
3 1708600214 0.000000 1 0.000000 0.000000 0.000000
4 1708600214 0.000000 1 0.000000 0.000000 0.000000
1 1708600215 3.000000 1 3.000000 3.000000 3.000000
2 1708600215 0.000000 1 0.000000 0.000000 0.000000
3 1708600215 0.000000 1 0.000000 0.000000 0.000000
4 1708600215 0.000000 1 0.000000 0.000000 0.000000
1 1708600216 3.000000 1 3.000000 3.000000 3.000000
2 1708600216 0.000000 1 0.000000 0.000000 0.000000
3 1708600216 0.000000 1 0.000000 0.000000 0.000000
4 1708600216 0.000000 1 0.000000 0.000000 0.000000
1 1708600217 3.000000 1 3.000000 3.000000 3.000000
2 1708600217 0.000000 1 0.000000 0.000000 0.000000
3 1708600217 0.000000 1 0.000000 0.000000 0.000000
4 1708600217 0.000000 1 0.000000 0.000000 0.000000
1 1708600218 3.000000 1 3.000000 3.000000 3.000000
2 1708600218 0.000000 1 0.000000 0.000000 0.000000
3 1708600218 0.000000 1 0.000000 0.000000 0.000000
4 1708600218 0.000000 1 0.000000 0.000000 0.000000
1 1708600219 3.000000 1 3.000000 3.000000 3.000000
2 1708600219 0.000000 1 0.000000 0.000000 0.000000
3 1708600219 0.000000 1 0.000000 0.000000 0.000000
4 1708600219 0.000000 1 0.000000 0.000000 0.000000
1 1708600220 3.000000 1 3.000000 3.000000 3.000000
2 1708600220 0.000000 1 0.000000 0.000000 0.000000
3 1708600220 0.000000 1 0.000000 0.000000 0.000000
4 1708600220 0.000000 1 0.000000 0.000000 0.000000
1 1708600221 3.000000 1 3.000000 3.000000 3.000000
2 1708600221 0.000000 1 0.000000 0.000000 0.000000
3 1708600221 0.000000 1 0.000000 0.000000 0.000000
4 1708600221 0.000000 1 0.000000 0.000000 0.000000
1 1708600222 3.000000 1 3.000000 3.000000 3.000000
2 1708600222 0.000000 1 0.000000 0.000000 0.000000
3 1708600222 0.000000 1 0.000000 0.000000 0.000000
4 1708600222 0.000000 1 0.000000 0.000000 0.000000
1 1708600223 3.000000 1 3.000000 3.000000 3.000000
2 1708600223 0.000000 1 0.000000 0.000000 0.000000
3 1708600223 0.000000 1 0.000000 0.000000 0.000000
4 1708600223 0.000000 1 0.000000 0.000000 0.000000
1 1708600224 3.000000 1 3.000000 3.000000 3.000000
2 1708600224 0.000000 1 0.000000 0.000000 0.000000
3 1708600224 0.000000 1 0.000000 0.000000 0.000000
4 1708600224 0.000000 1 0.000000 0.000000 0.000000
1 1708600225 3.000000 1 3.000000 3.000000 3.000000
2 1708600225 0.000000 1 0.000000 0.000000 0.000000
3 1708600225 0.000000 1 0.000000 0.000000 0.000000
4 1708600225 0.000000 1 0.000000 0.000000 0.000000
1 1708600226 3.000000 1 3.000000 3.000000 3.000000
2 1708600226 0.000000 1 0.000000 0.000000 0.000000
3 1708600226 0.000000 1 0.000000 0.000000 0.000000
4 1708600226 0.000000 1 0.000000 0.000000 0.000000
1 1708600227 3.000000 1 3.000000 3.000000 3.000000
2 1708600227 0.000000 1 0.000000 0.000000 0.000000
3 1708600227 0.000000 1 0.000000 0.000000 0.000000
4 1708600227 0.000000 1 0.000000 0.000000 0.000000
1 1708600228 3.000000 1 3.000000 3.000000 3.000000
2 1708600228 0.000000 1 0.000000 0.000000 0.000000
3 1708600228 0.000000 1 0.000000 0.000000 0.000000
4 1708600228 0.000000 1 0.000000 0.000000 0.000000
1 1708600229 3.000000 1 3.000000 3.000000 3.000000
2 1708600229 0.000000 1 0.000000 0.000000 0.000000
3 1708600229 0.000000 1 0.000000 0.000000 0.000000
4 1708600229 0.000000 1 0.000000 0.000000 0.000000
1 1708600230 3.000000 1 3.000000 3.000000 3.000000
2 1708600230 0.000000 1 0.000000 0.000000 0.000000
3 1708600230 0.000000 1 0.000000 0.000000 0.000000
4 1708600230 0.000000 1 0.000000 0.000000 0.000000
1 1708600231 3.000000 1 3.000000 3.000000 3.000000
2 1708600231 0.000000 1 0.000000 0.000000 0.000000
3 1708600231 0.000000 1 0.000000 0.000000 0.000000
4 1708600231 0.000000 1 0.000000 0.000000 0.000000
1 1708600232 3.000000 1 3.000000 3.000000 3.000000
2 1708600232 0.000000 1 0.000000 0.000000 0.000000
3 1708600232 0.000000 1 0.000000 0.000000 0.000000
4 1708600232 0.000000 1 0.000000 0.000000 0.000000
1 1708600233 3.000000 1 3.000000 3.000000 3.000000
2 1708600233 0.000000 1 0.000000 0.000000 0.000000
3 1708600233 0.000000 1 0.000000 0.000000 0.000000
4 1708600233 0.000000 1 0.000000 0.000000 0.000000
1 1708600234 3.000000 1 3.000000 3.000000 3.000000
2 1708600234 0.000000 1 0.000000 0.000000 0.000000
3 1708600234 0.000000 1 0.000000 0.000000 0.000000
4 1708600234 0.000000 1 0.000000 0.000000 0.000000
1 1708600235 3.000000 1 3.000000 3.000000 3.000000
2 1708600235 0.000000 1 0.000000 0.000000 0.000000
3 1708600235 0.000000 1 0.000000 0.000000 0.000000
4 1708600235 0.000000 1 0.000000 0.000000 0.000000
1 1708600236 3.000000 1 3.000000 3.000000 3.000000
2 1708600236 0.000000 1 0.000000 0.000000 0.000000
3 1708600236 0.000000 1 0.000000 0.000000 0.000000
4 1708600236 0.000000 1 0.000000 0.000000 0.000000
1 1708600237 3.000000 1 3.000000 3.000000 3.000000
2 1708600237 0.000000 1 0.000000 0.000000 0.000000
3 1708600237 0.000000 1 0.000000 0.000000 0.000000
4 1708600237 0.000000 1 0.000000 0.000000 0.000000
1 1708600238 3.000000 1 3.000000 3.000000 3.000000
2 1708600238 0.000000 1 0.000000 0.000000 0.000000
3 1708600238 0.000000 1 0.000000 0.000000 0.000000
4 1708600238 0.000000 1 0.000000 0.000000 0.000000
1 1708600239 3.000000 1 3.000000 3.000000 3.000000
2 1708600239 0.000000 1 0.000000 0.000000 0.000000
3 1708600239 0.000000 1 0.000000 0.000000 0.000000
4 1708600239 0.000000 1 0.000000 0.000000 0.000000
1 1708600240 3.000000 1 3.000000 3.000000 3.000000
2 1708600240 0.000000 1 0.000000 0.000000 0.000000
3 1708600240 0.000000 1 0.000000 0.000000 0.000000
4 1708600240 0.000000 1 0.000000 0.000000 0.000000
1 1708600241 3.000000 1 3.000000 3.000000 3.000000
2 1708600241 0.000000 1 0.000000 0.000000 0.000000
3 1708600241 0.000000 1 0.000000 0.000000 0.000000
4 1708600241 0.000000 1 0.000000 0.000000 0.000000
1 1708600242 3.000000 1 3.000000 3.000000 3.000000
2 1708600242 0.000000 1 0.000000 0.000000 0.000000
3 1708600242 0.000000 1 0.000000 0.000000 0.000000
4 1708600242 0.000000 1 0.000000 0.000000 0.000000
1 1708600243 3.000000 1 3.000000 3.000000 3.000000
2 1708600243 0.000000 1 0.000000 0.000000 0.000000
3 1708600243 0.000000 1 0.000000 0.000000 0.000000
4 1708600243 0.000000 1 0.000000 0.000000 0.000000
1 1708600244 3.000000 1 3.000000 3.000000 3.000000
2 1708600244 0.000000 1 0.000000 0.000000 0.000000
3 1708600244 0.000000 1 0.000000 0.000000 0.000000
4 1708600244 0.000000 1 0.000000 0.000000 0.000000
1 1708600245 3.000000 1 3.000000 3.000000 3.000000
2 1708600245 0.000000 1 0.000000 0.000000 0.000000
3 1708600245 0.000000 1 0.000000 0.000000 0.000000
4 1708600245 0.000000 1 0.000000 0.000000 0.000000
1 1708600246 3.000000 1 3.000000 3.000000 3.000000
2 1708600246 0.000000 1 0.000000 0.000000 0.000000
3 1708600246 0.000000 1 0.000000 0.000000 0.000000
4 1708600246 0.000000 1 0.000000 0.000000 0.000000
1 1708600247 3.000000 1 3.000000 3.000000 3.000000
2 1708600247 0.000000 1 0.000000 0.000000 0.000000
3 1708600247 0.000000 1 0.000000 0.000000 0.000000
4 1708600247 0.000000 1 0.000000 0.000000 0.000000
1 1708600248 3.000000 1 3.000000 3.000000 3.000000
2 1708600248 0.000000 1 0.000000 0.000000 0.000000
3 1708600248 0.000000 1 0.000000 0.000000 0.000000
4 1708600248 0.000000 1 0.000000 0.000000 0.000000
1 1708600249 3.000000 1 3.000000 3.000000 3.000000
2 1708600249 0.000000 1 0.000000 0.000000 0.000000
3 1708600249 0.000000 1 0.000000 0.000000 0.000000
4 1708600249 0.000000 1 0.000000 0.000000 0.000000
1 1708600250 3.000000 1 3.000000 3.000000 3.000000
2 1708600250 0.000000 1 0.000000 0.000000 0.000000
3 1708600250 0.000000 1 0.000000 0.000000 0.000000
4 1708600250 0.000000 1 0.000000 0.000000 0.000000
1 1708600251 3.000000 1 3.000000 3.000000 3.000000
2 1708600251 0.000000 1 0.000000 0.000000 0.000000
3 1708600251 0.000000 1 0.000000 0.000000 0.000000
4 1708600251 0.000000 1 0.000000 0.000000 0.000000
1 1708600252 3.000000 1 3.000000 3.000000 3.000000
2 1708600252 0.000000 1 0.000000 0.000000 0.000000
3 1708600252 0.000000 1 0.000000 0.000000 0.000000
4 1708600252 0.000000 1 0.000000 0.000000 0.000000
1 1708600253 3.000000 1 3.000000 3.000000 3.000000
2 1708600253 0.000000 1 0.000000 0.000000 0.000000
3 1708600253 0.000000 1 0.000000 0.000000 0.000000
4 1708600253 0.000000 1 0.000000 0.000000 0.000000
1 1708600254 3.000000 1 3.000000 3.000000 3.000000
2 1708600254 0.000000 1 0.000000 0.000000 0.000000
3 1708600254 0.000000 1 0.000000 0.000000 0.000000
4 1708600254 0.000000 1 0.000000 0.000000 0.000000
1 1708600255 3.000000 1 3.000000 3.000000 3.000000
2 1708600255 0.000000 1 0.000000 0.000000 0.000000
3 1708600255 0.000000 1 0.000000 0.000000 0.000000
4 1708600255 0.000000 1 0.000000 0.000000 0.000000
1 1708600256 3.000000 1 3.000000 3.000000 3.000000
2 1708600256 0.000000 1 0.000000 0.000000 0.000000
3 1708600256 0.000000 1 0.000000 0.000000 0.000000
4 1708600256 0.000000 1 0.000000 0.000000 0.000000
1 1708600257 3.000000 1 3.000000 3.000000 3.000000
2 1708600257 0.000000 1 0.000000 0.000000 0.000000
3 1708600257 0.000000 1 0.000000 0.000000 0.000000
4 1708600257 0.000000 1 0.000000 0.000000 0.000000
1 1708600258 3.000000 1 3.000000 3.000000 3.000000
2 1708600258 0.000000 1 0.000000 0.000000 0.000000
3 1708600258 0.000000 1 0.000000 0.000000 0.000000
4 1708600258 0.000000 1 0.000000 0.000000 0.000000
1 1708600259 3.000000 1 3.000000 3.000000 3.000000
2 1708600259 0.000000 1 0.000000 0.000000 0.000000
3 1708600259 0.000000 1 0.000000 0.000000 0.000000
4 1708600259 0.000000 1 0.000000 0.000000 0.000000
1 1708600260 3.000000 1 3.000000 3.000000 3.000000
2 1708600260 0.000000 1 0.000000 0.000000 0.000000
3 1708600260 0.000000 1 0.000000 0.000000 0.000000
4 1708600260 0.000000 1 0.000000 0.000000 0.000000
1 1708600261 3.000000 1 3.000000 3.000000 3.000000
2 1708600261 0.000000 1 0.000000 0.000000 0.000000
3 1708600261 0.000000 1 0.000000 0.000000 0.000000
4 1708600261 0.000000 1 0.000000 0.000000 0.000000
1 1708600262 3.000000 1 3.000000 3.000000 3.000000
2 1708600262 0.000000 1 0.000000 0.000000 0.000000
3 1708600262 0.000000 1 0.000000 0.000000 0.000000
4 1708600262 0.000000 1 0.000000 0.000000 0.000000
1 1708600263 3.000000 1 3.000000 3.000000 3.000000
2 1708600263 0.000000 1 0.000000 0.000000 0.000000
3 1708600263 0.000000 1 0.000000 0.000000 0.000000
4 1708600263 0.000000 1 0.000000 0.000000 0.000000
1 1708600264 3.000000 1 3.000000 3.000000 3.000000
2 1708600264 0.000000 1 0.000000 0.000000 0.000000
3 1708600264 0.000000 1 0.000000 0.000000 0.000000
4 1708600264 0.000000 1 0.000000 0.000000 0.000000
1 1708600265 3.000000 1 3.000000 3.000000 3.000000
2 1708600265 0.000000 1 0.000000 0.000000 0.000000
3 1708600265 0.000000 1 0.000000 0.000000 0.000000
4 1708600265 0.000000 1 0.000000 0.000000 0.000000
1 1708600266 3.000000 1 3.000000 3.000000 3.000000
2 1708600266 0.000000 1 0.000000 0.000000 0.000000
3 1708600266 0.000000 1 0.000000 0.000000 0.000000
4 1708600266 0.000000 1 0.000000 0.000000 0.000000
1 1708600267 3.000000 1 3.000000 3.000000 3.000000
2 1708600267 0.000000 1 0.000000 0.000000 0.000000
3 1708600267 0.000000 1 0.000000 0.000000 0.000000
4 1708600267 0.000000 1 0.000000 0.000000 0.000000
1 1708600268 3.000000 1 3.000000 3.000000 3.000000
2 1708600268 0.000000 1 0.000000 0.000000 0.000000
3 1708600268 0.000000 1 0.000000 0.000000 0.000000
4 1708600268 0.000000 1 0.000000 0.000000 0.000000
1 1708600269 3.000000 1 3.000000 3.000000 3.000000
2 1708600269 0.000000 1 0.000000 0.000000 0.000000
3 1708600269 0.000000 1 0.000000 0.000000 0.000000
4 1708600269 0.000000 1 0.000000 0.000000 0.000000
1 1708600270 3.000000 1 3.000000 3.000000 3.000000
2 1708600270 0.000000 1 0.000000 0.000000 0.000000
3 1708600270 0.000000 1 0.000000 0.000000 0.000000
4 1708600270 0.000000 1 0.000000 0.000000 0.000000
1 1708600271 3.000000 1 3.000000 3.000000 3.000000
2 1708600271 0.000000 1 0.000000 0.000000 0.000000
3 1708600271 0.000000 1 0.000000 0.000000 0.000000
4 1708600271 0.000000 1 0.000000 0.000000 0.000000
1 1708600272 3.000000 1 3.000000 3.000000 3.000000
2 1708600272 0.000000 1 0.000000 0.000000 0.000000
3 1708600272 0.000000 1 0.000000 0.000000 0.000000
4 1708600272 0.000000 1 0.000000 0.000000 0.000000
1 1708600273 3.000000 1 3.000000 3.000000 3.000000
2 1708600273 0.000000 1 0.000000 0.000000 0.000000
3 1708600273 0.000000 1 0.000000 0.000000 0.000000
4 1708600273 0.000000 1 0.000000 0.000000 0.000000
1 1708600274 3.000000 1 3.000000 3.000000 3.000000
2 1708600274 0.000000 1 0.000000 0.000000 0.000000
3 1708600274 0.000000 1 0.000000 0.000000 0.000000
4 1708600274 0.000000 1 0.000000 0.000000 0.000000
1 1708600275 3.000000 1 3.000000 3.000000 3.000000
2 1708600275 0.000000 1 0.000000 0.000000 0.000000
3 1708600275 0.000000 1 0.000000 0.000000 0.000000
4 1708600275 0.000000 1 0.000000 0.000000 0.000000
1 1708600276 3.000000 1 3.000000 3.000000 3.000000
2 1708600276 0.000000 1 0.000000 0.000000 0.000000
3 1708600276 0.000000 1 0.000000 0.000000 0.000000
4 1708600276 0.000000 1 0.000000 0.000000 0.000000
1 1708600278 3.000000 1 3.000000 3.000000 3.000000
2 1708600278 0.000000 1 0.000000 0.000000 0.000000
3 1708600278 0.000000 1 0.000000 0.000000 0.000000
4 1708600278 0.000000 1 0.000000 0.000000 0.000000
1 1708600279 3.000000 1 3.000000 3.000000 3.000000
2 1708600279 0.000000 1 0.000000 0.000000 0.000000
3 1708600279 0.000000 1 0.000000 0.000000 0.000000
4 1708600279 0.000000 1 0.000000 0.000000 0.000000
1 1708600280 3.000000 1 3.000000 3.000000 3.000000
2 1708600280 0.000000 1 0.000000 0.000000 0.000000
3 1708600280 0.000000 1 0.000000 0.000000 0.000000
4 1708600280 0.000000 1 0.000000 0.000000 0.000000
1 1708600281 3.000000 1 3.000000 3.000000 3.000000
2 1708600281 0.000000 1 0.000000 0.000000 0.000000
3 1708600281 0.000000 1 0.000000 0.000000 0.000000
4 1708600281 0.000000 1 0.000000 0.000000 0.000000
1 1708600282 3.000000 1 3.000000 3.000000 3.000000
2 1708600282 0.000000 1 0.000000 0.000000 0.000000
3 1708600282 0.000000 1 0.000000 0.000000 0.000000
4 1708600282 0.000000 1 0.000000 0.000000 0.000000
1 1708600283 3.000000 1 3.000000 3.000000 3.000000
2 1708600283 0.000000 1 0.000000 0.000000 0.000000
3 1708600283 0.000000 1 0.000000 0.000000 0.000000
4 1708600283 0.000000 1 0.000000 0.000000 0.000000
1 1708600284 3.000000 1 3.000000 3.000000 3.000000
2 1708600284 0.000000 1 0.000000 0.000000 0.000000
3 1708600284 0.000000 1 0.000000 0.000000 0.000000
4 1708600284 0.000000 1 0.000000 0.000000 0.000000
1 1708600285 3.000000 1 3.000000 3.000000 3.000000
2 1708600285 0.000000 1 0.000000 0.000000 0.000000
3 1708600285 0.000000 1 0.000000 0.000000 0.000000
4 1708600285 0.000000 1 0.000000 0.000000 0.000000
1 1708600286 3.000000 1 3.000000 3.000000 3.000000
2 1708600286 0.000000 1 0.000000 0.000000 0.000000
3 1708600286 0.000000 1 0.000000 0.000000 0.000000
4 1708600286 0.000000 1 0.000000 0.000000 0.000000
1 1708600287 3.000000 1 3.000000 3.000000 3.000000
2 1708600287 0.000000 1 0.000000 0.000000 0.000000
3 1708600287 0.000000 1 0.000000 0.000000 0.000000
4 1708600287 0.000000 1 0.000000 0.000000 0.000000
1 1708600288 3.000000 1 3.000000 3.000000 3.000000
2 1708600288 0.000000 1 0.000000 0.000000 0.000000
3 1708600288 0.000000 1 0.000000 0.000000 0.000000
4 1708600288 0.000000 1 0.000000 0.000000 0.000000
1 1708600289 3.000000 1 3.000000 3.000000 3.000000
2 1708600289 0.000000 1 0.000000 0.000000 0.000000
3 1708600289 0.000000 1 0.000000 0.000000 0.000000
4 1708600289 0.000000 1 0.000000 0.000000 0.000000
1 1708600290 3.000000 1 3.000000 3.000000 3.000000
2 1708600290 0.000000 1 0.000000 0.000000 0.000000
3 1708600290 0.000000 1 0.000000 0.000000 0.000000
4 1708600290 0.000000 1 0.000000 0.000000 0.000000
1 1708600291 3.000000 1 3.000000 3.000000 3.000000
2 1708600291 0.000000 1 0.000000 0.000000 0.000000
3 1708600291 0.000000 1 0.000000 0.000000 0.000000
4 1708600291 0.000000 1 0.000000 0.000000 0.000000
1 1708600292 3.000000 1 3.000000 3.000000 3.000000
2 1708600292 0.000000 1 0.000000 0.000000 0.000000
3 1708600292 0.000000 1 0.000000 0.000000 0.000000
4 1708600292 0.000000 1 0.000000 0.000000 0.000000
1 1708600293 3.000000 1 3.000000 3.000000 3.000000
2 1708600293 0.000000 1 0.000000 0.000000 0.000000
3 1708600293 0.000000 1 0.000000 0.000000 0.000000
4 1708600293 0.000000 1 0.000000 0.000000 0.000000
1 1708600294 3.000000 1 3.000000 3.000000 3.000000
2 1708600294 0.000000 1 0.000000 0.000000 0.000000
3 1708600294 0.000000 1 0.000000 0.000000 0.000000
4 1708600294 0.000000 1 0.000000 0.000000 0.000000
1 1708600295 3.000000 1 3.000000 3.000000 3.000000
2 1708600295 0.000000 1 0.000000 0.000000 0.000000
3 1708600295 0.000000 1 0.000000 0.000000 0.000000
4 1708600295 0.000000 1 0.000000 0.000000 0.000000
1 1708600296 3.000000 1 3.000000 3.000000 3.000000
2 1708600296 0.000000 1 0.000000 0.000000 0.000000
3 1708600296 0.000000 1 0.000000 0.000000 0.000000
4 1708600296 0.000000 1 0.000000 0.000000 0.000000
1 1708600297 3.000000 1 3.000000 3.000000 3.000000
2 1708600297 0.000000 1 0.000000 0.000000 0.000000
3 1708600297 0.000000 1 0.000000 0.000000 0.000000
4 1708600297 0.000000 1 0.000000 0.000000 0.000000
1 1708600298 3.000000 1 3.000000 3.000000 3.000000
2 1708600298 0.000000 1 0.000000 0.000000 0.000000
3 1708600298 0.000000 1 0.000000 0.000000 0.000000
4 1708600298 0.000000 1 0.000000 0.000000 0.000000
1 1708600299 3.000000 1 3.000000 3.000000 3.000000
2 1708600299 0.000000 1 0.000000 0.000000 0.000000
3 1708600299 0.000000 1 0.000000 0.000000 0.000000
4 1708600299 0.000000 1 0.000000 0.000000 0.000000
1 1708600300 3.000000 1 3.000000 3.000000 3.000000
2 1708600300 0.000000 1 0.000000 0.000000 0.000000
3 1708600300 0.000000 1 0.000000 0.000000 0.000000
4 1708600300 0.000000 1 0.000000 0.000000 0.000000
1 1708600301 3.000000 1 3.000000 3.000000 3.000000
2 1708600301 0.000000 1 0.000000 0.000000 0.000000
3 1708600301 0.000000 1 0.000000 0.000000 0.000000
4 1708600301 0.000000 1 0.000000 0.000000 0.000000
1 1708600302 3.000000 1 3.000000 3.000000 3.000000
2 1708600302 0.000000 1 0.000000 0.000000 0.000000
3 1708600302 0.000000 1 0.000000 0.000000 0.000000
4 1708600302 0.000000 1 0.000000 0.000000 0.000000
1 1708600303 3.000000 1 3.000000 3.000000 3.000000
2 1708600303 0.000000 1 0.000000 0.000000 0.000000
3 1708600303 0.000000 1 0.000000 0.000000 0.000000
4 1708600303 0.000000 1 0.000000 0.000000 0.000000
1 1708600304 3.000000 1 3.000000 3.000000 3.000000
2 1708600304 0.000000 1 0.000000 0.000000 0.000000
3 1708600304 0.000000 1 0.000000 0.000000 0.000000
4 1708600304 0.000000 1 0.000000 0.000000 0.000000
1 1708600305 3.000000 1 3.000000 3.000000 3.000000
2 1708600305 0.000000 1 0.000000 0.000000 0.000000
3 1708600305 0.000000 1 0.000000 0.000000 0.000000
4 1708600305 0.000000 1 0.000000 0.000000 0.000000
1 1708600306 3.000000 1 3.000000 3.000000 3.000000
2 1708600306 0.000000 1 0.000000 0.000000 0.000000
3 1708600306 0.000000 1 0.000000 0.000000 0.000000
4 1708600306 0.000000 1 0.000000 0.000000 0.000000
1 1708600307 3.000000 1 3.000000 3.000000 3.000000
2 1708600307 0.000000 1 0.000000 0.000000 0.000000
3 1708600307 0.000000 1 0.000000 0.000000 0.000000
4 1708600307 0.000000 1 0.000000 0.000000 0.000000
1 1708600308 3.000000 1 3.000000 3.000000 3.000000
2 1708600308 0.000000 1 0.000000 0.000000 0.000000
3 1708600308 0.000000 1 0.000000 0.000000 0.000000
4 1708600308 0.000000 1 0.000000 0.000000 0.000000
1 1708600309 3.000000 1 3.000000 3.000000 3.000000
2 1708600309 0.000000 1 0.000000 0.000000 0.000000
3 1708600309 0.000000 1 0.000000 0.000000 0.000000
4 1708600309 0.000000 1 0.000000 0.000000 0.000000
1 1708600310 3.000000 1 3.000000 3.000000 3.000000
2 1708600310 0.000000 1 0.000000 0.000000 0.000000
3 1708600310 0.000000 1 0.000000 0.000000 0.000000
4 1708600310 0.000000 1 0.000000 0.000000 0.000000
1 1708600311 3.000000 1 3.000000 3.000000 3.000000
2 1708600311 0.000000 1 0.000000 0.000000 0.000000
3 1708600311 0.000000 1 0.000000 0.000000 0.000000
4 1708600311 0.000000 1 0.000000 0.000000 0.000000
1 1708600312 3.000000 1 3.000000 3.000000 3.000000
2 1708600312 0.000000 1 0.000000 0.000000 0.000000
3 1708600312 0.000000 1 0.000000 0.000000 0.000000
4 1708600312 0.000000 1 0.000000 0.000000 0.000000
1 1708600313 3.000000 1 3.000000 3.000000 3.000000
2 1708600313 0.000000 1 0.000000 0.000000 0.000000
3 1708600313 0.000000 1 0.000000 0.000000 0.000000
4 1708600313 0.000000 1 0.000000 0.000000 0.000000
1 1708600314 3.000000 1 3.000000 3.000000 3.000000
2 1708600314 0.000000 1 0.000000 0.000000 0.000000
3 1708600314 0.000000 1 0.000000 0.000000 0.000000
4 1708600314 0.000000 1 0.000000 0.000000 0.000000
1 1708600315 3.000000 1 3.000000 3.000000 3.000000
2 1708600315 0.000000 1 0.000000 0.000000 0.000000
3 1708600315 0.000000 1 0.000000 0.000000 0.000000
4 1708600315 0.000000 1 0.000000 0.000000 0.000000
1 1708600316 3.000000 1 3.000000 3.000000 3.000000
2 1708600316 0.000000 1 0.000000 0.000000 0.000000
3 1708600316 0.000000 1 0.000000 0.000000 0.000000
4 1708600316 0.000000 1 0.000000 0.000000 0.000000
1 1708600317 3.000000 1 3.000000 3.000000 3.000000
2 1708600317 0.000000 1 0.000000 0.000000 0.000000
3 1708600317 0.000000 1 0.000000 0.000000 0.000000
4 1708600317 0.000000 1 0.000000 0.000000 0.000000
1 1708600318 3.000000 1 3.000000 3.000000 3.000000
2 1708600318 0.000000 1 0.000000 0.000000 0.000000
3 1708600318 0.000000 1 0.000000 0.000000 0.000000
4 1708600318 0.000000 1 0.000000 0.000000 0.000000
1 1708600319 3.000000 1 3.000000 3.000000 3.000000
2 1708600319 0.000000 1 0.000000 0.000000 0.000000
3 1708600319 0.000000 1 0.000000 0.000000 0.000000
4 1708600319 0.000000 1 0.000000 0.000000 0.000000
1 1708600320 3.000000 1 3.000000 3.000000 3.000000
2 1708600320 0.000000 1 0.000000 0.000000 0.000000
3 1708600320 0.000000 1 0.000000 0.000000 0.000000
4 1708600320 0.000000 1 0.000000 0.000000 0.000000
1 1708600321 3.000000 1 3.000000 3.000000 3.000000
2 1708600321 0.000000 1 0.000000 0.000000 0.000000
3 1708600321 0.000000 1 0.000000 0.000000 0.000000
4 1708600321 0.000000 1 0.000000 0.000000 0.000000
1 1708600322 3.000000 1 3.000000 3.000000 3.000000
2 1708600322 0.000000 1 0.000000 0.000000 0.000000
3 1708600322 0.000000 1 0.000000 0.000000 0.000000
4 1708600322 0.000000 1 0.000000 0.000000 0.000000
1 1708600323 3.000000 1 3.000000 3.000000 3.000000
2 1708600323 0.000000 1 0.000000 0.000000 0.000000
3 1708600323 0.000000 1 0.000000 0.000000 0.000000
4 1708600323 0.000000 1 0.000000 0.000000 0.000000
1 1708600324 3.000000 1 3.000000 3.000000 3.000000
2 1708600324 0.000000 1 0.000000 0.000000 0.000000
3 1708600324 0.000000 1 0.000000 0.000000 0.000000
4 1708600324 0.000000 1 0.000000 0.000000 0.000000
1 1708600325 3.000000 1 3.000000 3.000000 3.000000
2 1708600325 0.000000 1 0.000000 0.000000 0.000000
3 1708600325 0.000000 1 0.000000 0.000000 0.000000
4 1708600325 0.000000 1 0.000000 0.000000 0.000000
1 1708600326 3.000000 1 3.000000 3.000000 3.000000
2 1708600326 0.000000 1 0.000000 0.000000 0.000000
3 1708600326 0.000000 1 0.000000 0.000000 0.000000
4 1708600326 0.000000 1 0.000000 0.000000 0.000000
1 1708600327 3.000000 1 3.000000 3.000000 3.000000
2 1708600327 0.000000 1 0.000000 0.000000 0.000000
3 1708600327 0.000000 1 0.000000 0.000000 0.000000
4 1708600327 0.000000 1 0.000000 0.000000 0.000000
1 1708600328 3.000000 1 3.000000 3.000000 3.000000
2 1708600328 0.000000 1 0.000000 0.000000 0.000000
3 1708600328 0.000000 1 0.000000 0.000000 0.000000
4 1708600328 0.000000 1 0.000000 0.000000 0.000000
1 1708600329 3.000000 1 3.000000 3.000000 3.000000
2 1708600329 0.000000 1 0.000000 0.000000 0.000000
3 1708600329 0.000000 1 0.000000 0.000000 0.000000
4 1708600329 0.000000 1 0.000000 0.000000 0.000000
1 1708600330 3.000000 1 3.000000 3.000000 3.000000
2 1708600330 0.000000 1 0.000000 0.000000 0.000000
3 1708600330 0.000000 1 0.000000 0.000000 0.000000
4 1708600330 0.000000 1 0.000000 0.000000 0.000000
1 1708600331 3.000000 1 3.000000 3.000000 3.000000
2 1708600331 0.000000 1 0.000000 0.000000 0.000000
3 1708600331 0.000000 1 0.000000 0.000000 0.000000
4 1708600331 0.000000 1 0.000000 0.000000 0.000000
1 1708600332 3.000000 1 3.000000 3.000000 3.000000
2 1708600332 0.000000 1 0.000000 0.000000 0.000000
3 1708600332 0.000000 1 0.000000 0.000000 0.000000
4 1708600332 0.000000 1 0.000000 0.000000 0.000000
1 1708600333 3.000000 1 3.000000 3.000000 3.000000
2 1708600333 0.000000 1 0.000000 0.000000 0.000000
3 1708600333 0.000000 1 0.000000 0.000000 0.000000
4 1708600333 0.000000 1 0.000000 0.000000 0.000000
1 1708600334 3.000000 1 3.000000 3.000000 3.000000
2 1708600334 0.000000 1 0.000000 0.000000 0.000000
3 1708600334 0.000000 1 0.000000 0.000000 0.000000
4 1708600334 0.000000 1 0.000000 0.000000 0.000000
1 1708600335 3.000000 1 3.000000 3.000000 3.000000
2 1708600335 0.000000 1 0.000000 0.000000 0.000000
3 1708600335 0.000000 1 0.000000 0.000000 0.000000
4 1708600335 0.000000 1 0.000000 0.000000 0.000000
1 1708600336 3.000000 1 3.000000 3.000000 3.000000
2 1708600336 0.000000 1 0.000000 0.000000 0.000000
3 1708600336 0.000000 1 0.000000 0.000000 0.000000
4 1708600336 0.000000 1 0.000000 0.000000 0.000000
1 1708600337 3.000000 1 3.000000 3.000000 3.000000
2 1708600337 0.000000 1 0.000000 0.000000 0.000000
3 1708600337 0.000000 1 0.000000 0.000000 0.000000
4 1708600337 0.000000 1 0.000000 0.000000 0.000000
1 1708600338 3.000000 1 3.000000 3.000000 3.000000
2 1708600338 0.000000 1 0.000000 0.000000 0.000000
3 1708600338 0.000000 1 0.000000 0.000000 0.000000
4 1708600338 0.000000 1 0.000000 0.000000 0.000000
1 1708600339 3.000000 1 3.000000 3.000000 3.000000
2 1708600339 0.000000 1 0.000000 0.000000 0.000000
3 1708600339 0.000000 1 0.000000 0.000000 0.000000
4 1708600339 0.000000 1 0.000000 0.000000 0.000000
1 1708600340 3.000000 1 3.000000 3.000000 3.000000
2 1708600340 0.000000 1 0.000000 0.000000 0.000000
3 1708600340 0.000000 1 0.000000 0.000000 0.000000
4 1708600340 0.000000 1 0.000000 0.000000 0.000000
1 1708600341 3.000000 1 3.000000 3.000000 3.000000
2 1708600341 0.000000 1 0.000000 0.000000 0.000000
3 1708600341 0.000000 1 0.000000 0.000000 0.000000
4 1708600341 0.000000 1 0.000000 0.000000 0.000000
1 1708600343 3.000000 1 3.000000 3.000000 3.000000
2 1708600343 0.000000 1 0.000000 0.000000 0.000000
3 1708600343 0.000000 1 0.000000 0.000000 0.000000
4 1708600343 0.000000 1 0.000000 0.000000 0.000000
1 1708600344 3.000000 1 3.000000 3.000000 3.000000
2 1708600344 0.000000 1 0.000000 0.000000 0.000000
3 1708600344 0.000000 1 0.000000 0.000000 0.000000
4 1708600344 0.000000 1 0.000000 0.000000 0.000000
1 1708600345 3.000000 1 3.000000 3.000000 3.000000
2 1708600345 0.000000 1 0.000000 0.000000 0.000000
3 1708600345 0.000000 1 0.000000 0.000000 0.000000
4 1708600345 0.000000 1 0.000000 0.000000 0.000000
1 1708600346 3.000000 1 3.000000 3.000000 3.000000
2 1708600346 0.000000 1 0.000000 0.000000 0.000000
3 1708600346 0.000000 1 0.000000 0.000000 0.000000
4 1708600346 0.000000 1 0.000000 0.000000 0.000000
1 1708600347 3.000000 1 3.000000 3.000000 3.000000
2 1708600347 0.000000 1 0.000000 0.000000 0.000000
3 1708600347 0.000000 1 0.000000 0.000000 0.000000
4 1708600347 0.000000 1 0.000000 0.000000 0.000000
1 1708600348 3.000000 1 3.000000 3.000000 3.000000
2 1708600348 0.000000 1 0.000000 0.000000 0.000000
3 1708600348 0.000000 1 0.000000 0.000000 0.000000
4 1708600348 0.000000 1 0.000000 0.000000 0.000000
1 1708600349 3.000000 1 3.000000 3.000000 3.000000
2 1708600349 0.000000 1 0.000000 0.000000 0.000000
3 1708600349 0.000000 1 0.000000 0.000000 0.000000
4 1708600349 0.000000 1 0.000000 0.000000 0.000000
1 1708600350 3.000000 1 3.000000 3.000000 3.000000
2 1708600350 0.000000 1 0.000000 0.000000 0.000000
3 1708600350 0.000000 1 0.000000 0.000000 0.000000
4 1708600350 0.000000 1 0.000000 0.000000 0.000000
1 1708600351 3.000000 1 3.000000 3.000000 3.000000
2 1708600351 0.000000 1 0.000000 0.000000 0.000000
3 1708600351 0.000000 1 0.000000 0.000000 0.000000
4 1708600351 0.000000 1 0.000000 0.000000 0.000000
1 1708600352 3.000000 1 3.000000 3.000000 3.000000
2 1708600352 0.000000 1 0.000000 0.000000 0.000000
3 1708600352 0.000000 1 0.000000 0.000000 0.000000
4 1708600352 0.000000 1 0.000000 0.000000 0.000000
1 1708600353 3.000000 1 3.000000 3.000000 3.000000
2 1708600353 0.000000 1 0.000000 0.000000 0.000000
3 1708600353 0.000000 1 0.000000 0.000000 0.000000
4 1708600353 0.000000 1 0.000000 0.000000 0.000000
1 1708600354 3.000000 1 3.000000 3.000000 3.000000
2 1708600354 0.000000 1 0.000000 0.000000 0.000000
3 1708600354 0.000000 1 0.000000 0.000000 0.000000
4 1708600354 0.000000 1 0.000000 0.000000 0.000000
1 1708600355 3.000000 1 3.000000 3.000000 3.000000
2 1708600355 0.000000 1 0.000000 0.000000 0.000000
3 1708600355 0.000000 1 0.000000 0.000000 0.000000
4 1708600355 0.000000 1 0.000000 0.000000 0.000000
1 1708600356 3.000000 1 3.000000 3.000000 3.000000
2 1708600356 0.000000 1 0.000000 0.000000 0.000000
3 1708600356 0.000000 1 0.000000 0.000000 0.000000
4 1708600356 0.000000 1 0.000000 0.000000 0.000000
1 1708600357 3.000000 1 3.000000 3.000000 3.000000
2 1708600357 0.000000 1 0.000000 0.000000 0.000000
3 1708600357 0.000000 1 0.000000 0.000000 0.000000
4 1708600357 0.000000 1 0.000000 0.000000 0.000000
1 1708600358 3.000000 1 3.000000 3.000000 3.000000
2 1708600358 0.000000 1 0.000000 0.000000 0.000000
3 1708600358 0.000000 1 0.000000 0.000000 0.000000
4 1708600358 0.000000 1 0.000000 0.000000 0.000000
1 1708600359 3.000000 1 3.000000 3.000000 3.000000
2 1708600359 0.000000 1 0.000000 0.000000 0.000000
3 1708600359 0.000000 1 0.000000 0.000000 0.000000
4 1708600359 0.000000 1 0.000000 0.000000 0.000000
1 1708600360 3.000000 1 3.000000 3.000000 3.000000
2 1708600360 0.000000 1 0.000000 0.000000 0.000000
3 1708600360 0.000000 1 0.000000 0.000000 0.000000
4 1708600360 0.000000 1 0.000000 0.000000 0.000000
1 1708600361 3.000000 1 3.000000 3.000000 3.000000
2 1708600361 0.000000 1 0.000000 0.000000 0.000000
3 1708600361 0.000000 1 0.000000 0.000000 0.000000
4 1708600361 0.000000 1 0.000000 0.000000 0.000000
1 1708600362 3.000000 1 3.000000 3.000000 3.000000
2 1708600362 0.000000 1 0.000000 0.000000 0.000000
3 1708600362 0.000000 1 0.000000 0.000000 0.000000
4 1708600362 0.000000 1 0.000000 0.000000 0.000000
1 1708600363 3.000000 1 3.000000 3.000000 3.000000
2 1708600363 0.000000 1 0.000000 0.000000 0.000000
3 1708600363 0.000000 1 0.000000 0.000000 0.000000
4 1708600363 0.000000 1 0.000000 0.000000 0.000000
1 1708600364 3.000000 1 3.000000 3.000000 3.000000
2 1708600364 0.000000 1 0.000000 0.000000 0.000000
3 1708600364 0.000000 1 0.000000 0.000000 0.000000
4 1708600364 0.000000 1 0.000000 0.000000 0.000000
1 1708600365 3.000000 1 3.000000 3.000000 3.000000
2 1708600365 0.000000 1 0.000000 0.000000 0.000000
3 1708600365 0.000000 1 0.000000 0.000000 0.000000
4 1708600365 0.000000 1 0.000000 0.000000 0.000000
1 1708600366 3.000000 1 3.000000 3.000000 3.000000
2 1708600366 0.000000 1 0.000000 0.000000 0.000000
3 1708600366 0.000000 1 0.000000 0.000000 0.000000
4 1708600366 0.000000 1 0.000000 0.000000 0.000000
1 1708600367 3.000000 1 3.000000 3.000000 3.000000
2 1708600367 0.000000 1 0.000000 0.000000 0.000000
3 1708600367 0.000000 1 0.000000 0.000000 0.000000
4 1708600367 0.000000 1 0.000000 0.000000 0.000000
1 1708600368 3.000000 1 3.000000 3.000000 3.000000
2 1708600368 0.000000 1 0.000000 0.000000 0.000000
3 1708600368 0.000000 1 0.000000 0.000000 0.000000
4 1708600368 0.000000 1 0.000000 0.000000 0.000000
1 1708600369 3.000000 1 3.000000 3.000000 3.000000
2 1708600369 0.000000 1 0.000000 0.000000 0.000000
3 1708600369 0.000000 1 0.000000 0.000000 0.000000
4 1708600369 0.000000 1 0.000000 0.000000 0.000000
1 1708600370 3.000000 1 3.000000 3.000000 3.000000
2 1708600370 0.000000 1 0.000000 0.000000 0.000000
3 1708600370 0.000000 1 0.000000 0.000000 0.000000
4 1708600370 0.000000 1 0.000000 0.000000 0.000000
1 1708600371 3.000000 1 3.000000 3.000000 3.000000
2 1708600371 0.000000 1 0.000000 0.000000 0.000000
3 1708600371 0.000000 1 0.000000 0.000000 0.000000
4 1708600371 0.000000 1 0.000000 0.000000 0.000000
1 1708600372 3.000000 1 3.000000 3.000000 3.000000
2 1708600372 0.000000 1 0.000000 0.000000 0.000000
3 1708600372 0.000000 1 0.000000 0.000000 0.000000
4 1708600372 0.000000 1 0.000000 0.000000 0.000000
1 1708600373 3.000000 1 3.000000 3.000000 3.000000
2 1708600373 0.000000 1 0.000000 0.000000 0.000000
3 1708600373 0.000000 1 0.000000 0.000000 0.000000
4 1708600373 0.000000 1 0.000000 0.000000 0.000000
1 1708600374 3.000000 1 3.000000 3.000000 3.000000
2 1708600374 0.000000 1 0.000000 0.000000 0.000000
3 1708600374 0.000000 1 0.000000 0.000000 0.000000
4 1708600374 0.000000 1 0.000000 0.000000 0.000000
1 1708600375 3.000000 1 3.000000 3.000000 3.000000
2 1708600375 0.000000 1 0.000000 0.000000 0.000000
3 1708600375 0.000000 1 0.000000 0.000000 0.000000
4 1708600375 0.000000 1 0.000000 0.000000 0.000000
1 1708600376 3.000000 1 3.000000 3.000000 3.000000
2 1708600376 0.000000 1 0.000000 0.000000 0.000000
3 1708600376 0.000000 1 0.000000 0.000000 0.000000
4 1708600376 0.000000 1 0.000000 0.000000 0.000000
1 1708600377 3.000000 1 3.000000 3.000000 3.000000
2 1708600377 0.000000 1 0.000000 0.000000 0.000000
3 1708600377 0.000000 1 0.000000 0.000000 0.000000
4 1708600377 0.000000 1 0.000000 0.000000 0.000000
1 1708600378 3.000000 1 3.000000 3.000000 3.000000
2 1708600378 0.000000 1 0.000000 0.000000 0.000000
3 1708600378 0.000000 1 0.000000 0.000000 0.000000
4 1708600378 0.000000 1 0.000000 0.000000 0.000000
1 1708600379 3.000000 1 3.000000 3.000000 3.000000
2 1708600379 0.000000 1 0.000000 0.000000 0.000000
3 1708600379 0.000000 1 0.000000 0.000000 0.000000
4 1708600379 0.000000 1 0.000000 0.000000 0.000000
1 1708600380 3.000000 1 3.000000 3.000000 3.000000
2 1708600380 0.000000 1 0.000000 0.000000 0.000000
3 1708600380 0.000000 1 0.000000 0.000000 0.000000
4 1708600380 0.000000 1 0.000000 0.000000 0.000000
1 1708600381 3.000000 1 3.000000 3.000000 3.000000
2 1708600381 0.000000 1 0.000000 0.000000 0.000000
3 1708600381 0.000000 1 0.000000 0.000000 0.000000
4 1708600381 0.000000 1 0.000000 0.000000 0.000000
1 1708600382 3.000000 1 3.000000 3.000000 3.000000
2 1708600382 0.000000 1 0.000000 0.000000 0.000000
3 1708600382 0.000000 1 0.000000 0.000000 0.000000
4 1708600382 0.000000 1 0.000000 0.000000 0.000000
1 1708600383 3.000000 1 3.000000 3.000000 3.000000
2 1708600383 0.000000 1 0.000000 0.000000 0.000000
3 1708600383 0.000000 1 0.000000 0.000000 0.000000
4 1708600383 0.000000 1 0.000000 0.000000 0.000000
1 1708600384 3.000000 1 3.000000 3.000000 3.000000
2 1708600384 0.000000 1 0.000000 0.000000 0.000000
3 1708600384 0.000000 1 0.000000 0.000000 0.000000
4 1708600384 0.000000 1 0.000000 0.000000 0.000000
1 1708600385 3.000000 1 3.000000 3.000000 3.000000
2 1708600385 0.000000 1 0.000000 0.000000 0.000000
3 1708600385 0.000000 1 0.000000 0.000000 0.000000
4 1708600385 0.000000 1 0.000000 0.000000 0.000000
1 1708600386 3.000000 1 3.000000 3.000000 3.000000
2 1708600386 0.000000 1 0.000000 0.000000 0.000000
3 1708600386 0.000000 1 0.000000 0.000000 0.000000
4 1708600386 0.000000 1 0.000000 0.000000 0.000000
1 1708600387 3.000000 1 3.000000 3.000000 3.000000
2 1708600387 0.000000 1 0.000000 0.000000 0.000000
3 1708600387 0.000000 1 0.000000 0.000000 0.000000
4 1708600387 0.000000 1 0.000000 0.000000 0.000000
1 1708600388 3.000000 1 3.000000 3.000000 3.000000
2 1708600388 0.000000 1 0.000000 0.000000 0.000000
3 1708600388 0.000000 1 0.000000 0.000000 0.000000
4 1708600388 0.000000 1 0.000000 0.000000 0.000000
1 1708600389 3.000000 1 3.000000 3.000000 3.000000
2 1708600389 0.000000 1 0.000000 0.000000 0.000000
3 1708600389 0.000000 1 0.000000 0.000000 0.000000
4 1708600389 0.000000 1 0.000000 0.000000 0.000000
1 1708600390 3.000000 1 3.000000 3.000000 3.000000
2 1708600390 0.000000 1 0.000000 0.000000 0.000000
3 1708600390 0.000000 1 0.000000 0.000000 0.000000
4 1708600390 0.000000 1 0.000000 0.000000 0.000000
1 1708600391 3.000000 1 3.000000 3.000000 3.000000
2 1708600391 0.000000 1 0.000000 0.000000 0.000000
3 1708600391 0.000000 1 0.000000 0.000000 0.000000
4 1708600391 0.000000 1 0.000000 0.000000 0.000000
1 1708600392 3.000000 1 3.000000 3.000000 3.000000
2 1708600392 0.000000 1 0.000000 0.000000 0.000000
3 1708600392 0.000000 1 0.000000 0.000000 0.000000
4 1708600392 0.000000 1 0.000000 0.000000 0.000000
1 1708600393 3.000000 1 3.000000 3.000000 3.000000
2 1708600393 0.000000 1 0.000000 0.000000 0.000000
3 1708600393 0.000000 1 0.000000 0.000000 0.000000
4 1708600393 0.000000 1 0.000000 0.000000 0.000000
1 1708600394 3.000000 1 3.000000 3.000000 3.000000
2 1708600394 0.000000 1 0.000000 0.000000 0.000000
3 1708600394 0.000000 1 0.000000 0.000000 0.000000
4 1708600394 0.000000 1 0.000000 0.000000 0.000000
1 1708600395 3.000000 1 3.000000 3.000000 3.000000
2 1708600395 0.000000 1 0.000000 0.000000 0.000000
3 1708600395 0.000000 1 0.000000 0.000000 0.000000
4 1708600395 0.000000 1 0.000000 0.000000 0.000000
1 1708600396 3.000000 1 3.000000 3.000000 3.000000
2 1708600396 0.000000 1 0.000000 0.000000 0.000000
3 1708600396 0.000000 1 0.000000 0.000000 0.000000
4 1708600396 0.000000 1 0.000000 0.000000 0.000000
1 1708600397 3.000000 1 3.000000 3.000000 3.000000
2 1708600397 0.000000 1 0.000000 0.000000 0.000000
3 1708600397 0.000000 1 0.000000 0.000000 0.000000
4 1708600397 0.000000 1 0.000000 0.000000 0.000000
1 1708600398 3.000000 1 3.000000 3.000000 3.000000
2 1708600398 0.000000 1 0.000000 0.000000 0.000000
3 1708600398 0.000000 1 0.000000 0.000000 0.000000
4 1708600398 0.000000 1 0.000000 0.000000 0.000000
1 1708600399 3.000000 1 3.000000 3.000000 3.000000
2 1708600399 0.000000 1 0.000000 0.000000 0.000000
3 1708600399 0.000000 1 0.000000 0.000000 0.000000
4 1708600399 0.000000 1 0.000000 0.000000 0.000000
1 1708600400 3.000000 1 3.000000 3.000000 3.000000
2 1708600400 0.000000 1 0.000000 0.000000 0.000000
3 1708600400 0.000000 1 0.000000 0.000000 0.000000
4 1708600400 0.000000 1 0.000000 0.000000 0.000000
1 1708600401 3.000000 1 3.000000 3.000000 3.000000
2 1708600401 0.000000 1 0.000000 0.000000 0.000000
3 1708600401 0.000000 1 0.000000 0.000000 0.000000
4 1708600401 0.000000 1 0.000000 0.000000 0.000000
1 1708600402 3.000000 1 3.000000 3.000000 3.000000
2 1708600402 0.000000 1 0.000000 0.000000 0.000000
3 1708600402 0.000000 1 0.000000 0.000000 0.000000
4 1708600402 0.000000 1 0.000000 0.000000 0.000000
1 1708600403 3.000000 1 3.000000 3.000000 3.000000
2 1708600403 0.000000 1 0.000000 0.000000 0.000000
3 1708600403 0.000000 1 0.000000 0.000000 0.000000
4 1708600403 0.000000 1 0.000000 0.000000 0.000000
1 1708600404 3.000000 1 3.000000 3.000000 3.000000
2 1708600404 0.000000 1 0.000000 0.000000 0.000000
3 1708600404 0.000000 1 0.000000 0.000000 0.000000
4 1708600404 0.000000 1 0.000000 0.000000 0.000000
1 1708600405 2.000000 1 2.000000 2.000000 2.000000
2 1708600405 0.000000 1 0.000000 0.000000 0.000000
3 1708600405 1.000000 1 1.000000 1.000000 1.000000
4 1708600405 0.000000 1 0.000000 0.000000 0.000000
1 1708600406 2.000000 1 2.000000 2.000000 2.000000
2 1708600406 0.000000 1 0.000000 0.000000 0.000000
3 1708600406 1.000000 1 1.000000 1.000000 1.000000
4 1708600406 0.000000 1 0.000000 0.000000 0.000000
1 1708600408 2.000000 1 2.000000 2.000000 2.000000
2 1708600408 0.000000 1 0.000000 0.000000 0.000000
3 1708600408 1.000000 1 1.000000 1.000000 1.000000
4 1708600408 0.000000 1 0.000000 0.000000 0.000000
1 1708600409 2.000000 1 2.000000 2.000000 2.000000
2 1708600409 0.000000 1 0.000000 0.000000 0.000000
3 1708600409 1.000000 1 1.000000 1.000000 1.000000
4 1708600409 0.000000 1 0.000000 0.000000 0.000000
1 1708600410 2.000000 1 2.000000 2.000000 2.000000
2 1708600410 0.000000 1 0.000000 0.000000 0.000000
3 1708600410 1.000000 1 1.000000 1.000000 1.000000
4 1708600410 0.000000 1 0.000000 0.000000 0.000000
1 1708600411 2.000000 1 2.000000 2.000000 2.000000
2 1708600411 0.000000 1 0.000000 0.000000 0.000000
3 1708600411 1.000000 1 1.000000 1.000000 1.000000
4 1708600411 0.000000 1 0.000000 0.000000 0.000000
1 1708600412 2.000000 1 2.000000 2.000000 2.000000
2 1708600412 0.000000 1 0.000000 0.000000 0.000000
3 1708600412 1.000000 1 1.000000 1.000000 1.000000
4 1708600412 0.000000 1 0.000000 0.000000 0.000000
1 1708600413 2.000000 1 2.000000 2.000000 2.000000
2 1708600413 0.000000 1 0.000000 0.000000 0.000000
3 1708600413 1.000000 1 1.000000 1.000000 1.000000
4 1708600413 0.000000 1 0.000000 0.000000 0.000000
1 1708600414 2.000000 1 2.000000 2.000000 2.000000
2 1708600414 0.000000 1 0.000000 0.000000 0.000000
3 1708600414 1.000000 1 1.000000 1.000000 1.000000
4 1708600414 0.000000 1 0.000000 0.000000 0.000000
1 1708600415 2.000000 1 2.000000 2.000000 2.000000
2 1708600415 0.000000 1 0.000000 0.000000 0.000000
3 1708600415 1.000000 1 1.000000 1.000000 1.000000
4 1708600415 0.000000 1 0.000000 0.000000 0.000000
1 1708600416 2.000000 1 2.000000 2.000000 2.000000
2 1708600416 0.000000 1 0.000000 0.000000 0.000000
3 1708600416 1.000000 1 1.000000 1.000000 1.000000
4 1708600416 0.000000 1 0.000000 0.000000 0.000000
1 1708600417 2.000000 1 2.000000 2.000000 2.000000
2 1708600417 0.000000 1 0.000000 0.000000 0.000000
3 1708600417 1.000000 1 1.000000 1.000000 1.000000
4 1708600417 0.000000 1 0.000000 0.000000 0.000000
1 1708600418 2.000000 1 2.000000 2.000000 2.000000
2 1708600418 0.000000 1 0.000000 0.000000 0.000000
3 1708600418 1.000000 1 1.000000 1.000000 1.000000
4 1708600418 0.000000 1 0.000000 0.000000 0.000000
1 1708600419 2.000000 1 2.000000 2.000000 2.000000
2 1708600419 0.000000 1 0.000000 0.000000 0.000000
3 1708600419 1.000000 1 1.000000 1.000000 1.000000
4 1708600419 0.000000 1 0.000000 0.000000 0.000000
1 1708600420 2.000000 1 2.000000 2.000000 2.000000
2 1708600420 0.000000 1 0.000000 0.000000 0.000000
3 1708600420 1.000000 1 1.000000 1.000000 1.000000
4 1708600420 0.000000 1 0.000000 0.000000 0.000000
1 1708600421 2.000000 1 2.000000 2.000000 2.000000
2 1708600421 0.000000 1 0.000000 0.000000 0.000000
3 1708600421 1.000000 1 1.000000 1.000000 1.000000
4 1708600421 0.000000 1 0.000000 0.000000 0.000000
1 1708600422 2.000000 1 2.000000 2.000000 2.000000
2 1708600422 0.000000 1 0.000000 0.000000 0.000000
3 1708600422 1.000000 1 1.000000 1.000000 1.000000
4 1708600422 0.000000 1 0.000000 0.000000 0.000000
1 1708600423 2.000000 1 2.000000 2.000000 2.000000
2 1708600423 0.000000 1 0.000000 0.000000 0.000000
3 1708600423 1.000000 1 1.000000 1.000000 1.000000
4 1708600423 0.000000 1 0.000000 0.000000 0.000000
1 1708600424 1.000000 1 1.000000 1.000000 1.000000
2 1708600424 0.000000 1 0.000000 0.000000 0.000000
3 1708600424 1.000000 1 1.000000 1.000000 1.000000
4 1708600424 1.000000 1 1.000000 1.000000 1.000000
1 1708600425 1.000000 1 1.000000 1.000000 1.000000
2 1708600425 0.000000 1 0.000000 0.000000 0.000000
3 1708600425 1.000000 1 1.000000 1.000000 1.000000
4 1708600425 1.000000 1 1.000000 1.000000 1.000000
1 1708600426 1.000000 1 1.000000 1.000000 1.000000
2 1708600426 0.000000 1 0.000000 0.000000 0.000000
3 1708600426 1.000000 1 1.000000 1.000000 1.000000
4 1708600426 1.000000 1 1.000000 1.000000 1.000000
1 1708600427 1.000000 1 1.000000 1.000000 1.000000
2 1708600427 0.000000 1 0.000000 0.000000 0.000000
3 1708600427 1.000000 1 1.000000 1.000000 1.000000
4 1708600427 1.000000 1 1.000000 1.000000 1.000000
1 1708600428 1.000000 1 1.000000 1.000000 1.000000
2 1708600428 0.000000 1 0.000000 0.000000 0.000000
3 1708600428 1.000000 1 1.000000 1.000000 1.000000
4 1708600428 1.000000 1 1.000000 1.000000 1.000000
1 1708600429 1.000000 1 1.000000 1.000000 1.000000
2 1708600429 0.000000 1 0.000000 0.000000 0.000000
3 1708600429 1.000000 1 1.000000 1.000000 1.000000
4 1708600429 1.000000 1 1.000000 1.000000 1.000000
1 1708600430 1.000000 1 1.000000 1.000000 1.000000
2 1708600430 0.000000 1 0.000000 0.000000 0.000000
3 1708600430 1.000000 1 1.000000 1.000000 1.000000
4 1708600430 1.000000 1 1.000000 1.000000 1.000000
1 1708600431 1.000000 1 1.000000 1.000000 1.000000
2 1708600431 0.000000 1 0.000000 0.000000 0.000000
3 1708600431 1.000000 1 1.000000 1.000000 1.000000
4 1708600431 1.000000 1 1.000000 1.000000 1.000000
1 1708600432 1.000000 1 1.000000 1.000000 1.000000
2 1708600432 0.000000 1 0.000000 0.000000 0.000000
3 1708600432 1.000000 1 1.000000 1.000000 1.000000
4 1708600432 1.000000 1 1.000000 1.000000 1.000000
1 1708600433 1.000000 1 1.000000 1.000000 1.000000
2 1708600433 0.000000 1 0.000000 0.000000 0.000000
3 1708600433 1.000000 1 1.000000 1.000000 1.000000
4 1708600433 1.000000 1 1.000000 1.000000 1.000000
1 1708600434 0.000000 1 0.000000 0.000000 0.000000
2 1708600434 0.000000 1 0.000000 0.000000 0.000000
3 1708600434 1.000000 1 1.000000 1.000000 1.000000
4 1708600434 2.000000 1 2.000000 2.000000 2.000000
