1 1708665933 0.000000 1 0.000000 0.000000 0.000000
2 1708665933 0.000000 1 0.000000 0.000000 0.000000
3 1708665933 0.000000 1 0.000000 0.000000 0.000000
4 1708665933 0.000000 1 0.000000 0.000000 0.000000
1 1708665934 0.000000 1 0.000000 0.000000 0.000000
2 1708665934 0.000000 1 0.000000 0.000000 0.000000
3 1708665934 0.000000 1 0.000000 0.000000 0.000000
4 1708665934 0.000000 1 0.000000 0.000000 0.000000
1 1708665935 1.000000 1 1.000000 1.000000 1.000000
2 1708665935 0.000000 1 0.000000 0.000000 0.000000
3 1708665935 0.000000 1 0.000000 0.000000 0.000000
4 1708665935 0.000000 1 0.000000 0.000000 0.000000
1 1708665936 1.000000 1 1.000000 1.000000 1.000000
2 1708665936 0.000000 1 0.000000 0.000000 0.000000
3 1708665936 0.000000 1 0.000000 0.000000 0.000000
4 1708665936 0.000000 1 0.000000 0.000000 0.000000
1 1708665937 1.000000 1 1.000000 1.000000 1.000000
2 1708665937 0.000000 1 0.000000 0.000000 0.000000
3 1708665937 0.000000 1 0.000000 0.000000 0.000000
4 1708665937 0.000000 1 0.000000 0.000000 0.000000
1 1708665938 1.000000 1 1.000000 1.000000 1.000000
2 1708665938 0.000000 1 0.000000 0.000000 0.000000
3 1708665938 0.000000 1 0.000000 0.000000 0.000000
4 1708665938 0.000000 1 0.000000 0.000000 0.000000
1 1708665939 1.000000 1 1.000000 1.000000 1.000000
2 1708665939 0.000000 1 0.000000 0.000000 0.000000
3 1708665939 0.000000 1 0.000000 0.000000 0.000000
4 1708665939 0.000000 1 0.000000 0.000000 0.000000
1 1708665940 1.000000 1 1.000000 1.000000 1.000000
2 1708665940 0.000000 1 0.000000 0.000000 0.000000
3 1708665940 0.000000 1 0.000000 0.000000 0.000000
4 1708665940 0.000000 1 0.000000 0.000000 0.000000
1 1708665941 1.000000 1 1.000000 1.000000 1.000000
2 1708665941 0.000000 1 0.000000 0.000000 0.000000
3 1708665941 0.000000 1 0.000000 0.000000 0.000000
4 1708665941 0.000000 1 0.000000 0.000000 0.000000
1 1708665942 1.000000 1 1.000000 1.000000 1.000000
2 1708665942 0.000000 1 0.000000 0.000000 0.000000
3 1708665942 0.000000 1 0.000000 0.000000 0.000000
4 1708665942 0.000000 1 0.000000 0.000000 0.000000
1 1708665943 1.000000 1 1.000000 1.000000 1.000000
2 1708665943 0.000000 1 0.000000 0.000000 0.000000
3 1708665943 0.000000 1 0.000000 0.000000 0.000000
4 1708665943 0.000000 1 0.000000 0.000000 0.000000
1 1708665944 1.000000 1 1.000000 1.000000 1.000000
2 1708665944 0.000000 1 0.000000 0.000000 0.000000
3 1708665944 0.000000 1 0.000000 0.000000 0.000000
4 1708665944 0.000000 1 0.000000 0.000000 0.000000
1 1708665945 1.000000 1 1.000000 1.000000 1.000000
2 1708665945 0.000000 1 0.000000 0.000000 0.000000
3 1708665945 0.000000 1 0.000000 0.000000 0.000000
4 1708665945 0.000000 1 0.000000 0.000000 0.000000
1 1708665946 1.000000 1 1.000000 1.000000 1.000000
2 1708665946 0.000000 1 0.000000 0.000000 0.000000
3 1708665946 0.000000 1 0.000000 0.000000 0.000000
4 1708665946 0.000000 1 0.000000 0.000000 0.000000
1 1708665947 1.000000 1 1.000000 1.000000 1.000000
2 1708665947 0.000000 1 0.000000 0.000000 0.000000
3 1708665947 0.000000 1 0.000000 0.000000 0.000000
4 1708665947 0.000000 1 0.000000 0.000000 0.000000
1 1708665948 2.000000 1 2.000000 2.000000 2.000000
2 1708665948 0.000000 1 0.000000 0.000000 0.000000
3 1708665948 0.000000 1 0.000000 0.000000 0.000000
4 1708665948 0.000000 1 0.000000 0.000000 0.000000
1 1708665949 2.000000 1 2.000000 2.000000 2.000000
2 1708665949 0.000000 1 0.000000 0.000000 0.000000
3 1708665949 0.000000 1 0.000000 0.000000 0.000000
4 1708665949 0.000000 1 0.000000 0.000000 0.000000
1 1708665950 2.000000 1 2.000000 2.000000 2.000000
2 1708665950 0.000000 1 0.000000 0.000000 0.000000
3 1708665950 0.000000 1 0.000000 0.000000 0.000000
4 1708665950 0.000000 1 0.000000 0.000000 0.000000
1 1708665951 2.000000 1 2.000000 2.000000 2.000000
2 1708665951 0.000000 1 0.000000 0.000000 0.000000
3 1708665951 0.000000 1 0.000000 0.000000 0.000000
4 1708665951 0.000000 1 0.000000 0.000000 0.000000
1 1708665952 2.000000 1 2.000000 2.000000 2.000000
2 1708665952 0.000000 1 0.000000 0.000000 0.000000
3 1708665952 0.000000 1 0.000000 0.000000 0.000000
4 1708665952 0.000000 1 0.000000 0.000000 0.000000
1 1708665953 2.000000 1 2.000000 2.000000 2.000000
2 1708665953 0.000000 1 0.000000 0.000000 0.000000
3 1708665953 0.000000 1 0.000000 0.000000 0.000000
4 1708665953 0.000000 1 0.000000 0.000000 0.000000
1 1708665954 2.000000 1 2.000000 2.000000 2.000000
2 1708665954 0.000000 1 0.000000 0.000000 0.000000
3 1708665954 0.000000 1 0.000000 0.000000 0.000000
4 1708665954 0.000000 1 0.000000 0.000000 0.000000
1 1708665955 2.000000 1 2.000000 2.000000 2.000000
2 1708665955 0.000000 1 0.000000 0.000000 0.000000
3 1708665955 0.000000 1 0.000000 0.000000 0.000000
4 1708665955 0.000000 1 0.000000 0.000000 0.000000
1 1708665956 2.000000 1 2.000000 2.000000 2.000000
2 1708665956 0.000000 1 0.000000 0.000000 0.000000
3 1708665956 0.000000 1 0.000000 0.000000 0.000000
4 1708665956 0.000000 1 0.000000 0.000000 0.000000
1 1708665957 2.000000 1 2.000000 2.000000 2.000000
2 1708665957 0.000000 1 0.000000 0.000000 0.000000
3 1708665957 0.000000 1 0.000000 0.000000 0.000000
4 1708665957 0.000000 1 0.000000 0.000000 0.000000
1 1708665958 2.000000 1 2.000000 2.000000 2.000000
2 1708665958 0.000000 1 0.000000 0.000000 0.000000
3 1708665958 0.000000 1 0.000000 0.000000 0.000000
4 1708665958 0.000000 1 0.000000 0.000000 0.000000
1 1708665960 2.000000 1 2.000000 2.000000 2.000000
2 1708665960 0.000000 1 0.000000 0.000000 0.000000
3 1708665960 0.000000 1 0.000000 0.000000 0.000000
4 1708665960 0.000000 1 0.000000 0.000000 0.000000
1 1708665961 2.000000 1 2.000000 2.000000 2.000000
2 1708665961 0.000000 1 0.000000 0.000000 0.000000
3 1708665961 0.000000 1 0.000000 0.000000 0.000000
4 1708665961 0.000000 1 0.000000 0.000000 0.000000
1 1708665962 2.000000 1 2.000000 2.000000 2.000000
2 1708665962 0.000000 1 0.000000 0.000000 0.000000
3 1708665962 0.000000 1 0.000000 0.000000 0.000000
4 1708665962 0.000000 1 0.000000 0.000000 0.000000
1 1708665963 2.000000 1 2.000000 2.000000 2.000000
2 1708665963 0.000000 1 0.000000 0.000000 0.000000
3 1708665963 0.000000 1 0.000000 0.000000 0.000000
4 1708665963 0.000000 1 0.000000 0.000000 0.000000
1 1708665964 3.000000 1 3.000000 3.000000 3.000000
2 1708665964 0.000000 1 0.000000 0.000000 0.000000
3 1708665964 0.000000 1 0.000000 0.000000 0.000000
4 1708665964 0.000000 1 0.000000 0.000000 0.000000
1 1708665965 3.000000 1 3.000000 3.000000 3.000000
2 1708665965 0.000000 1 0.000000 0.000000 0.000000
3 1708665965 0.000000 1 0.000000 0.000000 0.000000
4 1708665965 0.000000 1 0.000000 0.000000 0.000000
1 1708665966 3.000000 1 3.000000 3.000000 3.000000
2 1708665966 0.000000 1 0.000000 0.000000 0.000000
3 1708665966 0.000000 1 0.000000 0.000000 0.000000
4 1708665966 0.000000 1 0.000000 0.000000 0.000000
1 1708665967 3.000000 1 3.000000 3.000000 3.000000
2 1708665967 0.000000 1 0.000000 0.000000 0.000000
3 1708665967 0.000000 1 0.000000 0.000000 0.000000
4 1708665967 0.000000 1 0.000000 0.000000 0.000000
1 1708665968 3.000000 1 3.000000 3.000000 3.000000
2 1708665968 0.000000 1 0.000000 0.000000 0.000000
3 1708665968 0.000000 1 0.000000 0.000000 0.000000
4 1708665968 0.000000 1 0.000000 0.000000 0.000000
1 1708665969 3.000000 1 3.000000 3.000000 3.000000
2 1708665969 0.000000 1 0.000000 0.000000 0.000000
3 1708665969 0.000000 1 0.000000 0.000000 0.000000
4 1708665969 0.000000 1 0.000000 0.000000 0.000000
1 1708665970 3.000000 1 3.000000 3.000000 3.000000
2 1708665970 0.000000 1 0.000000 0.000000 0.000000
3 1708665970 0.000000 1 0.000000 0.000000 0.000000
4 1708665970 0.000000 1 0.000000 0.000000 0.000000
1 1708665971 3.000000 1 3.000000 3.000000 3.000000
2 1708665971 0.000000 1 0.000000 0.000000 0.000000
3 1708665971 0.000000 1 0.000000 0.000000 0.000000
4 1708665971 0.000000 1 0.000000 0.000000 0.000000
1 1708665972 3.000000 1 3.000000 3.000000 3.000000
2 1708665972 0.000000 1 0.000000 0.000000 0.000000
3 1708665972 0.000000 1 0.000000 0.000000 0.000000
4 1708665972 0.000000 1 0.000000 0.000000 0.000000
1 1708665973 3.000000 1 3.000000 3.000000 3.000000
2 1708665973 0.000000 1 0.000000 0.000000 0.000000
3 1708665973 0.000000 1 0.000000 0.000000 0.000000
4 1708665973 0.000000 1 0.000000 0.000000 0.000000
1 1708665974 3.000000 1 3.000000 3.000000 3.000000
2 1708665974 0.000000 1 0.000000 0.000000 0.000000
3 1708665974 0.000000 1 0.000000 0.000000 0.000000
4 1708665974 0.000000 1 0.000000 0.000000 0.000000
1 1708665975 3.000000 1 3.000000 3.000000 3.000000
2 1708665975 0.000000 1 0.000000 0.000000 0.000000
3 1708665975 0.000000 1 0.000000 0.000000 0.000000
4 1708665975 0.000000 1 0.000000 0.000000 0.000000
1 1708665976 3.000000 1 3.000000 3.000000 3.000000
2 1708665976 0.000000 1 0.000000 0.000000 0.000000
3 1708665976 0.000000 1 0.000000 0.000000 0.000000
4 1708665976 0.000000 1 0.000000 0.000000 0.000000
1 1708665977 3.000000 1 3.000000 3.000000 3.000000
2 1708665977 0.000000 1 0.000000 0.000000 0.000000
3 1708665977 0.000000 1 0.000000 0.000000 0.000000
4 1708665977 0.000000 1 0.000000 0.000000 0.000000
1 1708665978 3.000000 1 3.000000 3.000000 3.000000
2 1708665978 0.000000 1 0.000000 0.000000 0.000000
3 1708665978 0.000000 1 0.000000 0.000000 0.000000
4 1708665978 0.000000 1 0.000000 0.000000 0.000000
1 1708665979 3.000000 1 3.000000 3.000000 3.000000
2 1708665979 0.000000 1 0.000000 0.000000 0.000000
3 1708665979 0.000000 1 0.000000 0.000000 0.000000
4 1708665979 0.000000 1 0.000000 0.000000 0.000000
1 1708665980 3.000000 1 3.000000 3.000000 3.000000
2 1708665980 0.000000 1 0.000000 0.000000 0.000000
3 1708665980 0.000000 1 0.000000 0.000000 0.000000
4 1708665980 0.000000 1 0.000000 0.000000 0.000000
1 1708665981 3.000000 1 3.000000 3.000000 3.000000
2 1708665981 0.000000 1 0.000000 0.000000 0.000000
3 1708665981 0.000000 1 0.000000 0.000000 0.000000
4 1708665981 0.000000 1 0.000000 0.000000 0.000000
1 1708665982 3.000000 1 3.000000 3.000000 3.000000
2 1708665982 0.000000 1 0.000000 0.000000 0.000000
3 1708665982 0.000000 1 0.000000 0.000000 0.000000
4 1708665982 0.000000 1 0.000000 0.000000 0.000000
1 1708665983 3.000000 1 3.000000 3.000000 3.000000
2 1708665983 0.000000 1 0.000000 0.000000 0.000000
3 1708665983 0.000000 1 0.000000 0.000000 0.000000
4 1708665983 0.000000 1 0.000000 0.000000 0.000000
1 1708665984 3.000000 1 3.000000 3.000000 3.000000
2 1708665984 0.000000 1 0.000000 0.000000 0.000000
3 1708665984 0.000000 1 0.000000 0.000000 0.000000
4 1708665984 0.000000 1 0.000000 0.000000 0.000000
1 1708665985 3.000000 1 3.000000 3.000000 3.000000
2 1708665985 0.000000 1 0.000000 0.000000 0.000000
3 1708665985 0.000000 1 0.000000 0.000000 0.000000
4 1708665985 0.000000 1 0.000000 0.000000 0.000000
1 1708665986 3.000000 1 3.000000 3.000000 3.000000
2 1708665986 0.000000 1 0.000000 0.000000 0.000000
3 1708665986 0.000000 1 0.000000 0.000000 0.000000
4 1708665986 0.000000 1 0.000000 0.000000 0.000000
1 1708665987 3.000000 1 3.000000 3.000000 3.000000
2 1708665987 0.000000 1 0.000000 0.000000 0.000000
3 1708665987 0.000000 1 0.000000 0.000000 0.000000
4 1708665987 0.000000 1 0.000000 0.000000 0.000000
1 1708665988 3.000000 1 3.000000 3.000000 3.000000
2 1708665988 0.000000 1 0.000000 0.000000 0.000000
3 1708665988 0.000000 1 0.000000 0.000000 0.000000
4 1708665988 0.000000 1 0.000000 0.000000 0.000000
1 1708665989 3.000000 1 3.000000 3.000000 3.000000
2 1708665989 0.000000 1 0.000000 0.000000 0.000000
3 1708665989 0.000000 1 0.000000 0.000000 0.000000
4 1708665989 0.000000 1 0.000000 0.000000 0.000000
1 1708665990 3.000000 1 3.000000 3.000000 3.000000
2 1708665990 0.000000 1 0.000000 0.000000 0.000000
3 1708665990 0.000000 1 0.000000 0.000000 0.000000
4 1708665990 0.000000 1 0.000000 0.000000 0.000000
1 1708665991 3.000000 1 3.000000 3.000000 3.000000
2 1708665991 0.000000 1 0.000000 0.000000 0.000000
3 1708665991 0.000000 1 0.000000 0.000000 0.000000
4 1708665991 0.000000 1 0.000000 0.000000 0.000000
1 1708665992 3.000000 1 3.000000 3.000000 3.000000
2 1708665992 0.000000 1 0.000000 0.000000 0.000000
3 1708665992 0.000000 1 0.000000 0.000000 0.000000
4 1708665992 0.000000 1 0.000000 0.000000 0.000000
1 1708665993 3.000000 1 3.000000 3.000000 3.000000
2 1708665993 0.000000 1 0.000000 0.000000 0.000000
3 1708665993 0.000000 1 0.000000 0.000000 0.000000
4 1708665993 0.000000 1 0.000000 0.000000 0.000000
1 1708665994 3.000000 1 3.000000 3.000000 3.000000
2 1708665994 0.000000 1 0.000000 0.000000 0.000000
3 1708665994 0.000000 1 0.000000 0.000000 0.000000
4 1708665994 0.000000 1 0.000000 0.000000 0.000000
1 1708665995 3.000000 1 3.000000 3.000000 3.000000
2 1708665995 0.000000 1 0.000000 0.000000 0.000000
3 1708665995 0.000000 1 0.000000 0.000000 0.000000
4 1708665995 0.000000 1 0.000000 0.000000 0.000000
1 1708665996 3.000000 1 3.000000 3.000000 3.000000
2 1708665996 0.000000 1 0.000000 0.000000 0.000000
3 1708665996 0.000000 1 0.000000 0.000000 0.000000
4 1708665996 0.000000 1 0.000000 0.000000 0.000000
1 1708665997 3.000000 1 3.000000 3.000000 3.000000
2 1708665997 0.000000 1 0.000000 0.000000 0.000000
3 1708665997 0.000000 1 0.000000 0.000000 0.000000
4 1708665997 0.000000 1 0.000000 0.000000 0.000000
1 1708665998 3.000000 1 3.000000 3.000000 3.000000
2 1708665998 0.000000 1 0.000000 0.000000 0.000000
3 1708665998 0.000000 1 0.000000 0.000000 0.000000
4 1708665998 0.000000 1 0.000000 0.000000 0.000000
1 1708665999 3.000000 1 3.000000 3.000000 3.000000
2 1708665999 0.000000 1 0.000000 0.000000 0.000000
3 1708665999 0.000000 1 0.000000 0.000000 0.000000
4 1708665999 0.000000 1 0.000000 0.000000 0.000000
1 1708666000 3.000000 1 3.000000 3.000000 3.000000
2 1708666000 0.000000 1 0.000000 0.000000 0.000000
3 1708666000 0.000000 1 0.000000 0.000000 0.000000
4 1708666000 0.000000 1 0.000000 0.000000 0.000000
1 1708666001 3.000000 1 3.000000 3.000000 3.000000
2 1708666001 0.000000 1 0.000000 0.000000 0.000000
3 1708666001 0.000000 1 0.000000 0.000000 0.000000
4 1708666001 0.000000 1 0.000000 0.000000 0.000000
1 1708666002 3.000000 1 3.000000 3.000000 3.000000
2 1708666002 0.000000 1 0.000000 0.000000 0.000000
3 1708666002 0.000000 1 0.000000 0.000000 0.000000
4 1708666002 0.000000 1 0.000000 0.000000 0.000000
1 1708666003 3.000000 1 3.000000 3.000000 3.000000
2 1708666003 0.000000 1 0.000000 0.000000 0.000000
3 1708666003 0.000000 1 0.000000 0.000000 0.000000
4 1708666003 0.000000 1 0.000000 0.000000 0.000000
1 1708666004 3.000000 1 3.000000 3.000000 3.000000
2 1708666004 0.000000 1 0.000000 0.000000 0.000000
3 1708666004 0.000000 1 0.000000 0.000000 0.000000
4 1708666004 0.000000 1 0.000000 0.000000 0.000000
1 1708666005 3.000000 1 3.000000 3.000000 3.000000
2 1708666005 0.000000 1 0.000000 0.000000 0.000000
3 1708666005 0.000000 1 0.000000 0.000000 0.000000
4 1708666005 0.000000 1 0.000000 0.000000 0.000000
1 1708666006 3.000000 1 3.000000 3.000000 3.000000
2 1708666006 0.000000 1 0.000000 0.000000 0.000000
3 1708666006 0.000000 1 0.000000 0.000000 0.000000
4 1708666006 0.000000 1 0.000000 0.000000 0.000000
1 1708666007 3.000000 1 3.000000 3.000000 3.000000
2 1708666007 0.000000 1 0.000000 0.000000 0.000000
3 1708666007 0.000000 1 0.000000 0.000000 0.000000
4 1708666007 0.000000 1 0.000000 0.000000 0.000000
1 1708666008 3.000000 1 3.000000 3.000000 3.000000
2 1708666008 0.000000 1 0.000000 0.000000 0.000000
3 1708666008 0.000000 1 0.000000 0.000000 0.000000
4 1708666008 0.000000 1 0.000000 0.000000 0.000000
1 1708666009 3.000000 1 3.000000 3.000000 3.000000
2 1708666009 0.000000 1 0.000000 0.000000 0.000000
3 1708666009 0.000000 1 0.000000 0.000000 0.000000
4 1708666009 0.000000 1 0.000000 0.000000 0.000000
1 1708666010 3.000000 1 3.000000 3.000000 3.000000
2 1708666010 0.000000 1 0.000000 0.000000 0.000000
3 1708666010 0.000000 1 0.000000 0.000000 0.000000
4 1708666010 0.000000 1 0.000000 0.000000 0.000000
1 1708666011 3.000000 1 3.000000 3.000000 3.000000
2 1708666011 0.000000 1 0.000000 0.000000 0.000000
3 1708666011 0.000000 1 0.000000 0.000000 0.000000
4 1708666011 0.000000 1 0.000000 0.000000 0.000000
1 1708666012 3.000000 1 3.000000 3.000000 3.000000
2 1708666012 0.000000 1 0.000000 0.000000 0.000000
3 1708666012 0.000000 1 0.000000 0.000000 0.000000
4 1708666012 0.000000 1 0.000000 0.000000 0.000000
1 1708666013 3.000000 1 3.000000 3.000000 3.000000
2 1708666013 0.000000 1 0.000000 0.000000 0.000000
3 1708666013 0.000000 1 0.000000 0.000000 0.000000
4 1708666013 0.000000 1 0.000000 0.000000 0.000000
1 1708666014 3.000000 1 3.000000 3.000000 3.000000
2 1708666014 0.000000 1 0.000000 0.000000 0.000000
3 1708666014 0.000000 1 0.000000 0.000000 0.000000
4 1708666014 0.000000 1 0.000000 0.000000 0.000000
1 1708666015 3.000000 1 3.000000 3.000000 3.000000
2 1708666015 0.000000 1 0.000000 0.000000 0.000000
3 1708666015 0.000000 1 0.000000 0.000000 0.000000
4 1708666015 0.000000 1 0.000000 0.000000 0.000000
1 1708666016 3.000000 1 3.000000 3.000000 3.000000
2 1708666016 0.000000 1 0.000000 0.000000 0.000000
3 1708666016 0.000000 1 0.000000 0.000000 0.000000
4 1708666016 0.000000 1 0.000000 0.000000 0.000000
1 1708666017 3.000000 1 3.000000 3.000000 3.000000
2 1708666017 0.000000 1 0.000000 0.000000 0.000000
3 1708666017 0.000000 1 0.000000 0.000000 0.000000
4 1708666017 0.000000 1 0.000000 0.000000 0.000000
1 1708666018 3.000000 1 3.000000 3.000000 3.000000
2 1708666018 0.000000 1 0.000000 0.000000 0.000000
3 1708666018 0.000000 1 0.000000 0.000000 0.000000
4 1708666018 0.000000 1 0.000000 0.000000 0.000000
1 1708666019 3.000000 1 3.000000 3.000000 3.000000
2 1708666019 0.000000 1 0.000000 0.000000 0.000000
3 1708666019 0.000000 1 0.000000 0.000000 0.000000
4 1708666019 0.000000 1 0.000000 0.000000 0.000000
1 1708666020 3.000000 1 3.000000 3.000000 3.000000
2 1708666020 0.000000 1 0.000000 0.000000 0.000000
3 1708666020 0.000000 1 0.000000 0.000000 0.000000
4 1708666020 0.000000 1 0.000000 0.000000 0.000000
1 1708666021 3.000000 1 3.000000 3.000000 3.000000
2 1708666021 0.000000 1 0.000000 0.000000 0.000000
3 1708666021 0.000000 1 0.000000 0.000000 0.000000
4 1708666021 0.000000 1 0.000000 0.000000 0.000000
1 1708666022 3.000000 1 3.000000 3.000000 3.000000
2 1708666022 0.000000 1 0.000000 0.000000 0.000000
3 1708666022 0.000000 1 0.000000 0.000000 0.000000
4 1708666022 0.000000 1 0.000000 0.000000 0.000000
1 1708666024 3.000000 1 3.000000 3.000000 3.000000
2 1708666024 0.000000 1 0.000000 0.000000 0.000000
3 1708666024 0.000000 1 0.000000 0.000000 0.000000
4 1708666024 0.000000 1 0.000000 0.000000 0.000000
1 1708666025 3.000000 1 3.000000 3.000000 3.000000
2 1708666025 0.000000 1 0.000000 0.000000 0.000000
3 1708666025 0.000000 1 0.000000 0.000000 0.000000
4 1708666025 0.000000 1 0.000000 0.000000 0.000000
1 1708666026 3.000000 1 3.000000 3.000000 3.000000
2 1708666026 0.000000 1 0.000000 0.000000 0.000000
3 1708666026 0.000000 1 0.000000 0.000000 0.000000
4 1708666026 0.000000 1 0.000000 0.000000 0.000000
1 1708666027 3.000000 1 3.000000 3.000000 3.000000
2 1708666027 0.000000 1 0.000000 0.000000 0.000000
3 1708666027 0.000000 1 0.000000 0.000000 0.000000
4 1708666027 0.000000 1 0.000000 0.000000 0.000000
1 1708666028 3.000000 1 3.000000 3.000000 3.000000
2 1708666028 0.000000 1 0.000000 0.000000 0.000000
3 1708666028 0.000000 1 0.000000 0.000000 0.000000
4 1708666028 0.000000 1 0.000000 0.000000 0.000000
1 1708666029 3.000000 1 3.000000 3.000000 3.000000
2 1708666029 0.000000 1 0.000000 0.000000 0.000000
3 1708666029 0.000000 1 0.000000 0.000000 0.000000
4 1708666029 0.000000 1 0.000000 0.000000 0.000000
1 1708666030 3.000000 1 3.000000 3.000000 3.000000
2 1708666030 0.000000 1 0.000000 0.000000 0.000000
3 1708666030 0.000000 1 0.000000 0.000000 0.000000
4 1708666030 0.000000 1 0.000000 0.000000 0.000000
1 1708666031 3.000000 1 3.000000 3.000000 3.000000
2 1708666031 0.000000 1 0.000000 0.000000 0.000000
3 1708666031 0.000000 1 0.000000 0.000000 0.000000
4 1708666031 0.000000 1 0.000000 0.000000 0.000000
1 1708666032 3.000000 1 3.000000 3.000000 3.000000
2 1708666032 0.000000 1 0.000000 0.000000 0.000000
3 1708666032 0.000000 1 0.000000 0.000000 0.000000
4 1708666032 0.000000 1 0.000000 0.000000 0.000000
1 1708666033 3.000000 1 3.000000 3.000000 3.000000
2 1708666033 0.000000 1 0.000000 0.000000 0.000000
3 1708666033 0.000000 1 0.000000 0.000000 0.000000
4 1708666033 0.000000 1 0.000000 0.000000 0.000000
1 1708666034 3.000000 1 3.000000 3.000000 3.000000
2 1708666034 0.000000 1 0.000000 0.000000 0.000000
3 1708666034 0.000000 1 0.000000 0.000000 0.000000
4 1708666034 0.000000 1 0.000000 0.000000 0.000000
1 1708666035 3.000000 1 3.000000 3.000000 3.000000
2 1708666035 0.000000 1 0.000000 0.000000 0.000000
3 1708666035 0.000000 1 0.000000 0.000000 0.000000
4 1708666035 0.000000 1 0.000000 0.000000 0.000000
1 1708666036 3.000000 1 3.000000 3.000000 3.000000
2 1708666036 0.000000 1 0.000000 0.000000 0.000000
3 1708666036 0.000000 1 0.000000 0.000000 0.000000
4 1708666036 0.000000 1 0.000000 0.000000 0.000000
1 1708666037 3.000000 1 3.000000 3.000000 3.000000
2 1708666037 0.000000 1 0.000000 0.000000 0.000000
3 1708666037 0.000000 1 0.000000 0.000000 0.000000
4 1708666037 0.000000 1 0.000000 0.000000 0.000000
1 1708666038 3.000000 1 3.000000 3.000000 3.000000
2 1708666038 0.000000 1 0.000000 0.000000 0.000000
3 1708666038 0.000000 1 0.000000 0.000000 0.000000
4 1708666038 0.000000 1 0.000000 0.000000 0.000000
1 1708666039 3.000000 1 3.000000 3.000000 3.000000
2 1708666039 0.000000 1 0.000000 0.000000 0.000000
3 1708666039 0.000000 1 0.000000 0.000000 0.000000
4 1708666039 0.000000 1 0.000000 0.000000 0.000000
1 1708666040 3.000000 1 3.000000 3.000000 3.000000
2 1708666040 0.000000 1 0.000000 0.000000 0.000000
3 1708666040 0.000000 1 0.000000 0.000000 0.000000
4 1708666040 0.000000 1 0.000000 0.000000 0.000000
1 1708666041 3.000000 1 3.000000 3.000000 3.000000
2 1708666041 0.000000 1 0.000000 0.000000 0.000000
3 1708666041 0.000000 1 0.000000 0.000000 0.000000
4 1708666041 0.000000 1 0.000000 0.000000 0.000000
1 1708666042 3.000000 1 3.000000 3.000000 3.000000
2 1708666042 0.000000 1 0.000000 0.000000 0.000000
3 1708666042 0.000000 1 0.000000 0.000000 0.000000
4 1708666042 0.000000 1 0.000000 0.000000 0.000000
1 1708666043 3.000000 1 3.000000 3.000000 3.000000
2 1708666043 0.000000 1 0.000000 0.000000 0.000000
3 1708666043 0.000000 1 0.000000 0.000000 0.000000
4 1708666043 0.000000 1 0.000000 0.000000 0.000000
1 1708666044 3.000000 1 3.000000 3.000000 3.000000
2 1708666044 0.000000 1 0.000000 0.000000 0.000000
3 1708666044 0.000000 1 0.000000 0.000000 0.000000
4 1708666044 0.000000 1 0.000000 0.000000 0.000000
1 1708666045 3.000000 1 3.000000 3.000000 3.000000
2 1708666045 0.000000 1 0.000000 0.000000 0.000000
3 1708666045 0.000000 1 0.000000 0.000000 0.000000
4 1708666045 0.000000 1 0.000000 0.000000 0.000000
1 1708666046 3.000000 1 3.000000 3.000000 3.000000
2 1708666046 0.000000 1 0.000000 0.000000 0.000000
3 1708666046 0.000000 1 0.000000 0.000000 0.000000
4 1708666046 0.000000 1 0.000000 0.000000 0.000000
1 1708666047 3.000000 1 3.000000 3.000000 3.000000
2 1708666047 0.000000 1 0.000000 0.000000 0.000000
3 1708666047 0.000000 1 0.000000 0.000000 0.000000
4 1708666047 0.000000 1 0.000000 0.000000 0.000000
1 1708666048 3.000000 1 3.000000 3.000000 3.000000
2 1708666048 0.000000 1 0.000000 0.000000 0.000000
3 1708666048 0.000000 1 0.000000 0.000000 0.000000
4 1708666048 0.000000 1 0.000000 0.000000 0.000000
1 1708666049 3.000000 1 3.000000 3.000000 3.000000
2 1708666049 0.000000 1 0.000000 0.000000 0.000000
3 1708666049 0.000000 1 0.000000 0.000000 0.000000
4 1708666049 0.000000 1 0.000000 0.000000 0.000000
1 1708666050 3.000000 1 3.000000 3.000000 3.000000
2 1708666050 0.000000 1 0.000000 0.000000 0.000000
3 1708666050 0.000000 1 0.000000 0.000000 0.000000
4 1708666050 0.000000 1 0.000000 0.000000 0.000000
1 1708666051 3.000000 1 3.000000 3.000000 3.000000
2 1708666051 0.000000 1 0.000000 0.000000 0.000000
3 1708666051 0.000000 1 0.000000 0.000000 0.000000
4 1708666051 0.000000 1 0.000000 0.000000 0.000000
1 1708666052 3.000000 1 3.000000 3.000000 3.000000
2 1708666052 0.000000 1 0.000000 0.000000 0.000000
3 1708666052 0.000000 1 0.000000 0.000000 0.000000
4 1708666052 0.000000 1 0.000000 0.000000 0.000000
1 1708666053 3.000000 1 3.000000 3.000000 3.000000
2 1708666053 0.000000 1 0.000000 0.000000 0.000000
3 1708666053 0.000000 1 0.000000 0.000000 0.000000
4 1708666053 0.000000 1 0.000000 0.000000 0.000000
1 1708666054 3.000000 1 3.000000 3.000000 3.000000
2 1708666054 0.000000 1 0.000000 0.000000 0.000000
3 1708666054 0.000000 1 0.000000 0.000000 0.000000
4 1708666054 0.000000 1 0.000000 0.000000 0.000000
1 1708666055 3.000000 1 3.000000 3.000000 3.000000
2 1708666055 0.000000 1 0.000000 0.000000 0.000000
3 1708666055 0.000000 1 0.000000 0.000000 0.000000
4 1708666055 0.000000 1 0.000000 0.000000 0.000000
1 1708666056 3.000000 1 3.000000 3.000000 3.000000
2 1708666056 0.000000 1 0.000000 0.000000 0.000000
3 1708666056 0.000000 1 0.000000 0.000000 0.000000
4 1708666056 0.000000 1 0.000000 0.000000 0.000000
1 1708666057 3.000000 1 3.000000 3.000000 3.000000
2 1708666057 0.000000 1 0.000000 0.000000 0.000000
3 1708666057 0.000000 1 0.000000 0.000000 0.000000
4 1708666057 0.000000 1 0.000000 0.000000 0.000000
1 1708666058 3.000000 1 3.000000 3.000000 3.000000
2 1708666058 0.000000 1 0.000000 0.000000 0.000000
3 1708666058 0.000000 1 0.000000 0.000000 0.000000
4 1708666058 0.000000 1 0.000000 0.000000 0.000000
1 1708666059 3.000000 1 3.000000 3.000000 3.000000
2 1708666059 0.000000 1 0.000000 0.000000 0.000000
3 1708666059 0.000000 1 0.000000 0.000000 0.000000
4 1708666059 0.000000 1 0.000000 0.000000 0.000000
1 1708666060 3.000000 1 3.000000 3.000000 3.000000
2 1708666060 0.000000 1 0.000000 0.000000 0.000000
3 1708666060 0.000000 1 0.000000 0.000000 0.000000
4 1708666060 0.000000 1 0.000000 0.000000 0.000000
1 1708666061 3.000000 1 3.000000 3.000000 3.000000
2 1708666061 0.000000 1 0.000000 0.000000 0.000000
3 1708666061 0.000000 1 0.000000 0.000000 0.000000
4 1708666061 0.000000 1 0.000000 0.000000 0.000000
1 1708666062 3.000000 1 3.000000 3.000000 3.000000
2 1708666062 0.000000 1 0.000000 0.000000 0.000000
3 1708666062 0.000000 1 0.000000 0.000000 0.000000
4 1708666062 0.000000 1 0.000000 0.000000 0.000000
1 1708666063 3.000000 1 3.000000 3.000000 3.000000
2 1708666063 0.000000 1 0.000000 0.000000 0.000000
3 1708666063 0.000000 1 0.000000 0.000000 0.000000
4 1708666063 0.000000 1 0.000000 0.000000 0.000000
1 1708666064 3.000000 1 3.000000 3.000000 3.000000
2 1708666064 0.000000 1 0.000000 0.000000 0.000000
3 1708666064 0.000000 1 0.000000 0.000000 0.000000
4 1708666064 0.000000 1 0.000000 0.000000 0.000000
1 1708666065 3.000000 1 3.000000 3.000000 3.000000
2 1708666065 0.000000 1 0.000000 0.000000 0.000000
3 1708666065 0.000000 1 0.000000 0.000000 0.000000
4 1708666065 0.000000 1 0.000000 0.000000 0.000000
1 1708666066 3.000000 1 3.000000 3.000000 3.000000
2 1708666066 0.000000 1 0.000000 0.000000 0.000000
3 1708666066 0.000000 1 0.000000 0.000000 0.000000
4 1708666066 0.000000 1 0.000000 0.000000 0.000000
1 1708666067 3.000000 1 3.000000 3.000000 3.000000
2 1708666067 0.000000 1 0.000000 0.000000 0.000000
3 1708666067 0.000000 1 0.000000 0.000000 0.000000
4 1708666067 0.000000 1 0.000000 0.000000 0.000000
1 1708666068 3.000000 1 3.000000 3.000000 3.000000
2 1708666068 0.000000 1 0.000000 0.000000 0.000000
3 1708666068 0.000000 1 0.000000 0.000000 0.000000
4 1708666068 0.000000 1 0.000000 0.000000 0.000000
1 1708666069 3.000000 1 3.000000 3.000000 3.000000
2 1708666069 0.000000 1 0.000000 0.000000 0.000000
3 1708666069 0.000000 1 0.000000 0.000000 0.000000
4 1708666069 0.000000 1 0.000000 0.000000 0.000000
1 1708666070 3.000000 1 3.000000 3.000000 3.000000
2 1708666070 0.000000 1 0.000000 0.000000 0.000000
3 1708666070 0.000000 1 0.000000 0.000000 0.000000
4 1708666070 0.000000 1 0.000000 0.000000 0.000000
1 1708666071 3.000000 1 3.000000 3.000000 3.000000
2 1708666071 0.000000 1 0.000000 0.000000 0.000000
3 1708666071 0.000000 1 0.000000 0.000000 0.000000
4 1708666071 0.000000 1 0.000000 0.000000 0.000000
1 1708666072 3.000000 1 3.000000 3.000000 3.000000
2 1708666072 0.000000 1 0.000000 0.000000 0.000000
3 1708666072 0.000000 1 0.000000 0.000000 0.000000
4 1708666072 0.000000 1 0.000000 0.000000 0.000000
1 1708666073 3.000000 1 3.000000 3.000000 3.000000
2 1708666073 0.000000 1 0.000000 0.000000 0.000000
3 1708666073 0.000000 1 0.000000 0.000000 0.000000
4 1708666073 0.000000 1 0.000000 0.000000 0.000000
1 1708666074 3.000000 1 3.000000 3.000000 3.000000
2 1708666074 0.000000 1 0.000000 0.000000 0.000000
3 1708666074 0.000000 1 0.000000 0.000000 0.000000
4 1708666074 0.000000 1 0.000000 0.000000 0.000000
1 1708666075 3.000000 1 3.000000 3.000000 3.000000
2 1708666075 0.000000 1 0.000000 0.000000 0.000000
3 1708666075 0.000000 1 0.000000 0.000000 0.000000
4 1708666075 0.000000 1 0.000000 0.000000 0.000000
1 1708666076 3.000000 1 3.000000 3.000000 3.000000
2 1708666076 0.000000 1 0.000000 0.000000 0.000000
3 1708666076 0.000000 1 0.000000 0.000000 0.000000
4 1708666076 0.000000 1 0.000000 0.000000 0.000000
1 1708666077 3.000000 1 3.000000 3.000000 3.000000
2 1708666077 0.000000 1 0.000000 0.000000 0.000000
3 1708666077 0.000000 1 0.000000 0.000000 0.000000
4 1708666077 0.000000 1 0.000000 0.000000 0.000000
1 1708666078 3.000000 1 3.000000 3.000000 3.000000
2 1708666078 0.000000 1 0.000000 0.000000 0.000000
3 1708666078 0.000000 1 0.000000 0.000000 0.000000
4 1708666078 0.000000 1 0.000000 0.000000 0.000000
1 1708666079 3.000000 1 3.000000 3.000000 3.000000
2 1708666079 0.000000 1 0.000000 0.000000 0.000000
3 1708666079 0.000000 1 0.000000 0.000000 0.000000
4 1708666079 0.000000 1 0.000000 0.000000 0.000000
1 1708666080 3.000000 1 3.000000 3.000000 3.000000
2 1708666080 0.000000 1 0.000000 0.000000 0.000000
3 1708666080 0.000000 1 0.000000 0.000000 0.000000
4 1708666080 0.000000 1 0.000000 0.000000 0.000000
1 1708666081 3.000000 1 3.000000 3.000000 3.000000
2 1708666081 0.000000 1 0.000000 0.000000 0.000000
3 1708666081 0.000000 1 0.000000 0.000000 0.000000
4 1708666081 0.000000 1 0.000000 0.000000 0.000000
1 1708666082 3.000000 1 3.000000 3.000000 3.000000
2 1708666082 0.000000 1 0.000000 0.000000 0.000000
3 1708666082 0.000000 1 0.000000 0.000000 0.000000
4 1708666082 0.000000 1 0.000000 0.000000 0.000000
1 1708666083 3.000000 1 3.000000 3.000000 3.000000
2 1708666083 0.000000 1 0.000000 0.000000 0.000000
3 1708666083 0.000000 1 0.000000 0.000000 0.000000
4 1708666083 0.000000 1 0.000000 0.000000 0.000000
1 1708666084 3.000000 1 3.000000 3.000000 3.000000
2 1708666084 0.000000 1 0.000000 0.000000 0.000000
3 1708666084 0.000000 1 0.000000 0.000000 0.000000
4 1708666084 0.000000 1 0.000000 0.000000 0.000000
1 1708666085 3.000000 1 3.000000 3.000000 3.000000
2 1708666085 0.000000 1 0.000000 0.000000 0.000000
3 1708666085 0.000000 1 0.000000 0.000000 0.000000
4 1708666085 0.000000 1 0.000000 0.000000 0.000000
1 1708666086 3.000000 1 3.000000 3.000000 3.000000
2 1708666086 0.000000 1 0.000000 0.000000 0.000000
3 1708666086 0.000000 1 0.000000 0.000000 0.000000
4 1708666086 0.000000 1 0.000000 0.000000 0.000000
1 1708666087 3.000000 1 3.000000 3.000000 3.000000
2 1708666087 0.000000 1 0.000000 0.000000 0.000000
3 1708666087 0.000000 1 0.000000 0.000000 0.000000
4 1708666087 0.000000 1 0.000000 0.000000 0.000000
1 1708666089 3.000000 1 3.000000 3.000000 3.000000
2 1708666089 0.000000 1 0.000000 0.000000 0.000000
3 1708666089 0.000000 1 0.000000 0.000000 0.000000
4 1708666089 0.000000 1 0.000000 0.000000 0.000000
1 1708666090 3.000000 1 3.000000 3.000000 3.000000
2 1708666090 0.000000 1 0.000000 0.000000 0.000000
3 1708666090 0.000000 1 0.000000 0.000000 0.000000
4 1708666090 0.000000 1 0.000000 0.000000 0.000000
1 1708666091 3.000000 1 3.000000 3.000000 3.000000
2 1708666091 0.000000 1 0.000000 0.000000 0.000000
3 1708666091 0.000000 1 0.000000 0.000000 0.000000
4 1708666091 0.000000 1 0.000000 0.000000 0.000000
1 1708666092 3.000000 1 3.000000 3.000000 3.000000
2 1708666092 0.000000 1 0.000000 0.000000 0.000000
3 1708666092 0.000000 1 0.000000 0.000000 0.000000
4 1708666092 0.000000 1 0.000000 0.000000 0.000000
1 1708666093 3.000000 1 3.000000 3.000000 3.000000
2 1708666093 0.000000 1 0.000000 0.000000 0.000000
3 1708666093 0.000000 1 0.000000 0.000000 0.000000
4 1708666093 0.000000 1 0.000000 0.000000 0.000000
1 1708666094 3.000000 1 3.000000 3.000000 3.000000
2 1708666094 0.000000 1 0.000000 0.000000 0.000000
3 1708666094 0.000000 1 0.000000 0.000000 0.000000
4 1708666094 0.000000 1 0.000000 0.000000 0.000000
1 1708666095 3.000000 1 3.000000 3.000000 3.000000
2 1708666095 0.000000 1 0.000000 0.000000 0.000000
3 1708666095 0.000000 1 0.000000 0.000000 0.000000
4 1708666095 0.000000 1 0.000000 0.000000 0.000000
1 1708666096 3.000000 1 3.000000 3.000000 3.000000
2 1708666096 0.000000 1 0.000000 0.000000 0.000000
3 1708666096 0.000000 1 0.000000 0.000000 0.000000
4 1708666096 0.000000 1 0.000000 0.000000 0.000000
1 1708666097 3.000000 1 3.000000 3.000000 3.000000
2 1708666097 0.000000 1 0.000000 0.000000 0.000000
3 1708666097 0.000000 1 0.000000 0.000000 0.000000
4 1708666097 0.000000 1 0.000000 0.000000 0.000000
1 1708666098 3.000000 1 3.000000 3.000000 3.000000
2 1708666098 0.000000 1 0.000000 0.000000 0.000000
3 1708666098 0.000000 1 0.000000 0.000000 0.000000
4 1708666098 0.000000 1 0.000000 0.000000 0.000000
1 1708666099 3.000000 1 3.000000 3.000000 3.000000
2 1708666099 0.000000 1 0.000000 0.000000 0.000000
3 1708666099 0.000000 1 0.000000 0.000000 0.000000
4 1708666099 0.000000 1 0.000000 0.000000 0.000000
1 1708666100 3.000000 1 3.000000 3.000000 3.000000
2 1708666100 0.000000 1 0.000000 0.000000 0.000000
3 1708666100 0.000000 1 0.000000 0.000000 0.000000
4 1708666100 0.000000 1 0.000000 0.000000 0.000000
1 1708666101 3.000000 1 3.000000 3.000000 3.000000
2 1708666101 0.000000 1 0.000000 0.000000 0.000000
3 1708666101 0.000000 1 0.000000 0.000000 0.000000
4 1708666101 0.000000 1 0.000000 0.000000 0.000000
1 1708666102 3.000000 1 3.000000 3.000000 3.000000
2 1708666102 0.000000 1 0.000000 0.000000 0.000000
3 1708666102 0.000000 1 0.000000 0.000000 0.000000
4 1708666102 0.000000 1 0.000000 0.000000 0.000000
1 1708666103 3.000000 1 3.000000 3.000000 3.000000
2 1708666103 0.000000 1 0.000000 0.000000 0.000000
3 1708666103 0.000000 1 0.000000 0.000000 0.000000
4 1708666103 0.000000 1 0.000000 0.000000 0.000000
1 1708666104 3.000000 1 3.000000 3.000000 3.000000
2 1708666104 0.000000 1 0.000000 0.000000 0.000000
3 1708666104 0.000000 1 0.000000 0.000000 0.000000
4 1708666104 0.000000 1 0.000000 0.000000 0.000000
1 1708666105 3.000000 1 3.000000 3.000000 3.000000
2 1708666105 0.000000 1 0.000000 0.000000 0.000000
3 1708666105 0.000000 1 0.000000 0.000000 0.000000
4 1708666105 0.000000 1 0.000000 0.000000 0.000000
1 1708666106 3.000000 1 3.000000 3.000000 3.000000
2 1708666106 0.000000 1 0.000000 0.000000 0.000000
3 1708666106 0.000000 1 0.000000 0.000000 0.000000
4 1708666106 0.000000 1 0.000000 0.000000 0.000000
1 1708666107 2.000000 1 2.000000 2.000000 2.000000
2 1708666107 0.000000 1 0.000000 0.000000 0.000000
3 1708666107 1.000000 1 1.000000 1.000000 1.000000
4 1708666107 0.000000 1 0.000000 0.000000 0.000000
1 1708666108 2.000000 1 2.000000 2.000000 2.000000
2 1708666108 0.000000 1 0.000000 0.000000 0.000000
3 1708666108 1.000000 1 1.000000 1.000000 1.000000
4 1708666108 0.000000 1 0.000000 0.000000 0.000000
1 1708666109 2.000000 1 2.000000 2.000000 2.000000
2 1708666109 0.000000 1 0.000000 0.000000 0.000000
3 1708666109 1.000000 1 1.000000 1.000000 1.000000
4 1708666109 0.000000 1 0.000000 0.000000 0.000000
1 1708666110 2.000000 1 2.000000 2.000000 2.000000
2 1708666110 0.000000 1 0.000000 0.000000 0.000000
3 1708666110 1.000000 1 1.000000 1.000000 1.000000
4 1708666110 0.000000 1 0.000000 0.000000 0.000000
1 1708666111 2.000000 1 2.000000 2.000000 2.000000
2 1708666111 0.000000 1 0.000000 0.000000 0.000000
3 1708666111 1.000000 1 1.000000 1.000000 1.000000
4 1708666111 0.000000 1 0.000000 0.000000 0.000000
1 1708666112 2.000000 1 2.000000 2.000000 2.000000
2 1708666112 0.000000 1 0.000000 0.000000 0.000000
3 1708666112 1.000000 1 1.000000 1.000000 1.000000
4 1708666112 0.000000 1 0.000000 0.000000 0.000000
1 1708666113 2.000000 1 2.000000 2.000000 2.000000
2 1708666113 0.000000 1 0.000000 0.000000 0.000000
3 1708666113 1.000000 1 1.000000 1.000000 1.000000
4 1708666113 0.000000 1 0.000000 0.000000 0.000000
1 1708666114 2.000000 1 2.000000 2.000000 2.000000
2 1708666114 0.000000 1 0.000000 0.000000 0.000000
3 1708666114 1.000000 1 1.000000 1.000000 1.000000
4 1708666114 0.000000 1 0.000000 0.000000 0.000000
1 1708666115 2.000000 1 2.000000 2.000000 2.000000
2 1708666115 0.000000 1 0.000000 0.000000 0.000000
3 1708666115 1.000000 1 1.000000 1.000000 1.000000
4 1708666115 0.000000 1 0.000000 0.000000 0.000000
1 1708666116 2.000000 1 2.000000 2.000000 2.000000
2 1708666116 0.000000 1 0.000000 0.000000 0.000000
3 1708666116 1.000000 1 1.000000 1.000000 1.000000
4 1708666116 0.000000 1 0.000000 0.000000 0.000000
1 1708666117 2.000000 1 2.000000 2.000000 2.000000
2 1708666117 0.000000 1 0.000000 0.000000 0.000000
3 1708666117 1.000000 1 1.000000 1.000000 1.000000
4 1708666117 0.000000 1 0.000000 0.000000 0.000000
1 1708666118 1.000000 1 1.000000 1.000000 1.000000
2 1708666118 0.000000 1 0.000000 0.000000 0.000000
3 1708666118 2.000000 1 2.000000 2.000000 2.000000
4 1708666118 0.000000 1 0.000000 0.000000 0.000000
1 1708666119 1.000000 1 1.000000 1.000000 1.000000
2 1708666119 0.000000 1 0.000000 0.000000 0.000000
3 1708666119 2.000000 1 2.000000 2.000000 2.000000
4 1708666119 0.000000 1 0.000000 0.000000 0.000000
1 1708666120 1.000000 1 1.000000 1.000000 1.000000
2 1708666120 0.000000 1 0.000000 0.000000 0.000000
3 1708666120 2.000000 1 2.000000 2.000000 2.000000
4 1708666120 0.000000 1 0.000000 0.000000 0.000000
1 1708666121 1.000000 1 1.000000 1.000000 1.000000
2 1708666121 0.000000 1 0.000000 0.000000 0.000000
3 1708666121 2.000000 1 2.000000 2.000000 2.000000
4 1708666121 0.000000 1 0.000000 0.000000 0.000000
1 1708666122 1.000000 1 1.000000 1.000000 1.000000
2 1708666122 0.000000 1 0.000000 0.000000 0.000000
3 1708666122 2.000000 1 2.000000 2.000000 2.000000
4 1708666122 0.000000 1 0.000000 0.000000 0.000000
1 1708666123 1.000000 1 1.000000 1.000000 1.000000
2 1708666123 0.000000 1 0.000000 0.000000 0.000000
3 1708666123 2.000000 1 2.000000 2.000000 2.000000
4 1708666123 0.000000 1 0.000000 0.000000 0.000000
1 1708666124 1.000000 1 1.000000 1.000000 1.000000
2 1708666124 0.000000 1 0.000000 0.000000 0.000000
3 1708666124 2.000000 1 2.000000 2.000000 2.000000
4 1708666124 0.000000 1 0.000000 0.000000 0.000000
1 1708666125 1.000000 1 1.000000 1.000000 1.000000
2 1708666125 0.000000 1 0.000000 0.000000 0.000000
3 1708666125 2.000000 1 2.000000 2.000000 2.000000
4 1708666125 0.000000 1 0.000000 0.000000 0.000000
1 1708666126 1.000000 1 1.000000 1.000000 1.000000
2 1708666126 0.000000 1 0.000000 0.000000 0.000000
3 1708666126 2.000000 1 2.000000 2.000000 2.000000
4 1708666126 0.000000 1 0.000000 0.000000 0.000000
1 1708666127 1.000000 1 1.000000 1.000000 1.000000
2 1708666127 0.000000 1 0.000000 0.000000 0.000000
3 1708666127 2.000000 1 2.000000 2.000000 2.000000
4 1708666127 0.000000 1 0.000000 0.000000 0.000000
1 1708666128 1.000000 1 1.000000 1.000000 1.000000
2 1708666128 0.000000 1 0.000000 0.000000 0.000000
3 1708666128 2.000000 1 2.000000 2.000000 2.000000
4 1708666128 0.000000 1 0.000000 0.000000 0.000000
1 1708666129 1.000000 1 1.000000 1.000000 1.000000
2 1708666129 0.000000 1 0.000000 0.000000 0.000000
3 1708666129 2.000000 1 2.000000 2.000000 2.000000
4 1708666129 0.000000 1 0.000000 0.000000 0.000000
1 1708666130 1.000000 1 1.000000 1.000000 1.000000
2 1708666130 0.000000 1 0.000000 0.000000 0.000000
3 1708666130 2.000000 1 2.000000 2.000000 2.000000
4 1708666130 0.000000 1 0.000000 0.000000 0.000000
1 1708666131 1.000000 1 1.000000 1.000000 1.000000
2 1708666131 0.000000 1 0.000000 0.000000 0.000000
3 1708666131 2.000000 1 2.000000 2.000000 2.000000
4 1708666131 0.000000 1 0.000000 0.000000 0.000000
1 1708666132 1.000000 1 1.000000 1.000000 1.000000
2 1708666132 0.000000 1 0.000000 0.000000 0.000000
3 1708666132 2.000000 1 2.000000 2.000000 2.000000
4 1708666132 0.000000 1 0.000000 0.000000 0.000000
1 1708666133 0.000000 1 0.000000 0.000000 0.000000
2 1708666133 0.000000 1 0.000000 0.000000 0.000000
3 1708666133 3.000000 1 3.000000 3.000000 3.000000
4 1708666133 0.000000 1 0.000000 0.000000 0.000000
